  0.49999999999950002E-14  0.49999999999950003E-07  0.44759499352012803E+02   1
  0.49999999999950002E-14  0.11023961068942900E-06  0.44759499352012803E+02   1
  0.49999999999950002E-14  0.24305543529938201E-06  0.44759499352012803E+02   1
  0.49999999999950002E-14  0.53588673126761102E-06  0.44759499352012803E+02   1
  0.49999999999950002E-14  0.11815188925726300E-05  0.44759499352012803E+02   1
  0.49999999999950002E-14  0.26050036547908501E-05  0.44759499352012803E+02   1
  0.49999999999950002E-14  0.57434917749794303E-05  0.44759499352012803E+02   1
  0.49999999999950002E-14  0.12663205945446100E-04  0.44759499352012803E+02   1
  0.49999999999950002E-14  0.27919737870148901E-04  0.44759499352012803E+02   1
  0.49999999999950002E-14  0.61557220667184294E-04  0.44759499352012803E+02   1
  0.49999999999950002E-14  0.13572088082961000E-03  0.44759499352012803E+02   1
  0.49999999999950002E-14  0.29923634130195201E-03  0.44759499352012803E+02   1
  0.49999999999950002E-14  0.65975395538578796E-03  0.44759499352012803E+02   1
  0.49999999999950002E-14  0.14546203838522601E-02  0.44759499352012803E+02   1
  0.49999999999950002E-14  0.32071356963388501E-02  0.41941164661176273E+02 -15
  0.49999999999950002E-14  0.70710678118584098E-02  0.26951668785667007E+02 -15
  0.49999999999950002E-14  0.15590235254772100E-01  0.17790781831360309E+02 -15
  0.49999999999950002E-14  0.34373229300888299E-01  0.11843258514988140E+02 -15
  0.49999999999950002E-14  0.75785828325444199E-01  0.80501856483300038E+01 -15
  0.49999999999950002E-14  0.16709200420762499E+00  0.57023249064697490E+01 -15
  0.49999999999950002E-14  0.36840314986367101E+00  0.41991493743659785E+01 -15
  0.49999999999950002E-14  0.81225239635542401E+00  0.59675810540557457E+01 -15
  0.49999999999950002E-14  0.17908477591173499E+01  0.62988443808052388E+01 -15
  0.49999999999950002E-14  0.39484471953866298E+01  0.45582193888690314E+01 -15
  0.49999999999950002E-14  0.87055056329525407E+01  0.16182943958884404E+01 -15
  0.49999999999950002E-14  0.19193831036645701E+02  0.13669556642496141E+01 -15
  0.49999999999950002E-14  0.42318409222412399E+02  0.10319796167116124E+01 -15
  0.49999999999950002E-14  0.93303299153587503E+02  0.10011633716913431E+01 -15
  0.49999999999950002E-14  0.20571438749482300E+03  0.98955399239164088E+00 -15
  0.49999999999950002E-14  0.45355747981332797E+03  0.98470157640141909E+00 -15
  0.49999999999950002E-14  0.99999999999900103E+03  0.98266045369580779E+00 -15
  0.14985491931863700E-13  0.49999999999950003E-07  0.44759499352012803E+02   1
  0.14985491931863700E-13  0.11023961068942900E-06  0.44759499352012803E+02   1
  0.14985491931863700E-13  0.24305543529938201E-06  0.44759499352012803E+02   1
  0.14985491931863700E-13  0.53588673126761102E-06  0.44759499352012803E+02   1
  0.14985491931863700E-13  0.11815188925726300E-05  0.44759499352012803E+02   1
  0.14985491931863700E-13  0.26050036547908501E-05  0.44759499352012803E+02   1
  0.14985491931863700E-13  0.57434917749794303E-05  0.44759499352012803E+02   1
  0.14985491931863700E-13  0.12663205945446100E-04  0.44759499352012803E+02   1
  0.14985491931863700E-13  0.27919737870148901E-04  0.44759499352012803E+02   1
  0.14985491931863700E-13  0.61557220667184294E-04  0.44759499352012803E+02   1
  0.14985491931863700E-13  0.13572088082961000E-03  0.44759499352012803E+02   1
  0.14985491931863700E-13  0.29923634130195201E-03  0.44759499352012803E+02   1
  0.14985491931863700E-13  0.65975395538578796E-03  0.44759499352012803E+02   1
  0.14985491931863700E-13  0.14546203838522601E-02  0.44759499352012803E+02   1
  0.14985491931863700E-13  0.32071356963388501E-02  0.41941164662816227E+02 -15
  0.14985491931863700E-13  0.70710678118584098E-02  0.26951668786781930E+02 -15
  0.14985491931863700E-13  0.15590235254772100E-01  0.17790781830879109E+02 -15
  0.14985491931863700E-13  0.34373229300888299E-01  0.11843258515219970E+02 -15
  0.14985491931863700E-13  0.75785828325444199E-01  0.80501856478864493E+01 -15
  0.14985491931863700E-13  0.16709200420762499E+00  0.57023249042944535E+01 -15
  0.14985491931863700E-13  0.36840314986367101E+00  0.41991493888336562E+01 -15
  0.14985491931863700E-13  0.81225239635542401E+00  0.59675810384260854E+01 -15
  0.14985491931863700E-13  0.17908477591173499E+01  0.62988441225990828E+01 -15
  0.14985491931863700E-13  0.39484471953866298E+01  0.45582194032882057E+01 -15
  0.14985491931863700E-13  0.87055056329525407E+01  0.16182943308941256E+01 -15
  0.14985491931863700E-13  0.19193831036645701E+02  0.13669556599605071E+01 -15
  0.14985491931863700E-13  0.42318409222412399E+02  0.10319796173003863E+01 -15
  0.14985491931863700E-13  0.93303299153587503E+02  0.10011633784246330E+01 -15
  0.14985491931863700E-13  0.20571438749482300E+03  0.98955399161390556E+00 -15
  0.14985491931863700E-13  0.45355747981332797E+03  0.98470157757629395E+00 -15
  0.14985491931863700E-13  0.99999999999900103E+03  0.98266045372810962E+00 -15
  0.44912993688035102E-13  0.49999999999950003E-07  0.44759499352012803E+02   1
  0.44912993688035102E-13  0.11023961068942900E-06  0.44759499352012803E+02   1
  0.44912993688035102E-13  0.24305543529938201E-06  0.44759499352012803E+02   1
  0.44912993688035102E-13  0.53588673126761102E-06  0.44759499352012803E+02   1
  0.44912993688035102E-13  0.11815188925726300E-05  0.44759499352012803E+02   1
  0.44912993688035102E-13  0.26050036547908501E-05  0.44759499352012803E+02   1
  0.44912993688035102E-13  0.57434917749794303E-05  0.44759499352012803E+02   1
  0.44912993688035102E-13  0.12663205945446100E-04  0.44759499352012803E+02   1
  0.44912993688035102E-13  0.27919737870148901E-04  0.44759499352012803E+02   1
  0.44912993688035102E-13  0.61557220667184294E-04  0.44759499352012803E+02   1
  0.44912993688035102E-13  0.13572088082961000E-03  0.44759499352012803E+02   1
  0.44912993688035102E-13  0.29923634130195201E-03  0.44759499352012803E+02   1
  0.44912993688035102E-13  0.65975395538578796E-03  0.44759499352012803E+02   1
  0.44912993688035102E-13  0.14546203838522601E-02  0.44759499352012803E+02   1
  0.44912993688035102E-13  0.32071356963388501E-02  0.41941164660642073E+02 -15
  0.44912993688035102E-13  0.70710678118584098E-02  0.26951668783499994E+02 -15
  0.44912993688035102E-13  0.15590235254772100E-01  0.17790781831684235E+02 -15
  0.44912993688035102E-13  0.34373229300888299E-01  0.11843258517908078E+02 -15
  0.44912993688035102E-13  0.75785828325444199E-01  0.80501856436668788E+01 -15
  0.44912993688035102E-13  0.16709200420762499E+00  0.57023249139779111E+01 -15
  0.44912993688035102E-13  0.36840314986367101E+00  0.41991494050791243E+01 -15
  0.44912993688035102E-13  0.81225239635542401E+00  0.59675811018521649E+01 -15
  0.44912993688035102E-13  0.17908477591173499E+01  0.62988442945350505E+01 -15
  0.44912993688035102E-13  0.39484471953866298E+01  0.45582193856940956E+01 -15
  0.44912993688035102E-13  0.87055056329525407E+01  0.16182943171505788E+01 -15
  0.44912993688035102E-13  0.19193831036645701E+02  0.13669556601571664E+01 -15
  0.44912993688035102E-13  0.42318409222412399E+02  0.10319796127068093E+01 -15
  0.44912993688035102E-13  0.93303299153587503E+02  0.10011633719152200E+01 -15
  0.44912993688035102E-13  0.20571438749482300E+03  0.98955399164856639E+00 -15
  0.44912993688035102E-13  0.45355747981332797E+03  0.98470157857895535E+00 -15
  0.44912993688035102E-13  0.99999999999900103E+03  0.98266045389446832E+00 -15
  0.13460866090971299E-12  0.49999999999950003E-07  0.44759499352012803E+02   1
  0.13460866090971299E-12  0.11023961068942900E-06  0.44759499352012803E+02   1
  0.13460866090971299E-12  0.24305543529938201E-06  0.44759499352012803E+02   1
  0.13460866090971299E-12  0.53588673126761102E-06  0.44759499352012803E+02   1
  0.13460866090971299E-12  0.11815188925726300E-05  0.44759499352012803E+02   1
  0.13460866090971299E-12  0.26050036547908501E-05  0.44759499352012803E+02   1
  0.13460866090971299E-12  0.57434917749794303E-05  0.44759499352012803E+02   1
  0.13460866090971299E-12  0.12663205945446100E-04  0.44759499352012803E+02   1
  0.13460866090971299E-12  0.27919737870148901E-04  0.44759499352012803E+02   1
  0.13460866090971299E-12  0.61557220667184294E-04  0.44759499352012803E+02   1
  0.13460866090971299E-12  0.13572088082961000E-03  0.44759499352012803E+02   1
  0.13460866090971299E-12  0.29923634130195201E-03  0.44759499352012803E+02   1
  0.13460866090971299E-12  0.65975395538578796E-03  0.44759499352012803E+02   1
  0.13460866090971299E-12  0.14546203838522601E-02  0.44759499352012803E+02   1
  0.13460866090971299E-12  0.32071356963388501E-02  0.41941164660082890E+02 -15
  0.13460866090971299E-12  0.70710678118584098E-02  0.26951668785270936E+02 -15
  0.13460866090971299E-12  0.15590235254772100E-01  0.17790781828411603E+02 -15
  0.13460866090971299E-12  0.34373229300888299E-01  0.11843258515492460E+02 -15
  0.13460866090971299E-12  0.75785828325444199E-01  0.80501856420083495E+01 -15
  0.13460866090971299E-12  0.16709200420762499E+00  0.57023249061931995E+01 -15
  0.13460866090971299E-12  0.36840314986367101E+00  0.41991493907237993E+01 -15
  0.13460866090971299E-12  0.81225239635542401E+00  0.59675810516135819E+01 -15
  0.13460866090971299E-12  0.17908477591173499E+01  0.62988438448853543E+01 -15
  0.13460866090971299E-12  0.39484471953866298E+01  0.45582193701967455E+01 -15
  0.13460866090971299E-12  0.87055056329525407E+01  0.16182943885598819E+01 -15
  0.13460866090971299E-12  0.19193831036645701E+02  0.13669556683956126E+01 -15
  0.13460866090971299E-12  0.42318409222412399E+02  0.10319796109287029E+01 -15
  0.13460866090971299E-12  0.93303299153587503E+02  0.10011633787274012E+01 -15
  0.13460866090971299E-12  0.20571438749482300E+03  0.98955399347358408E+00 -15
  0.13460866090971299E-12  0.45355747981332797E+03  0.98470157839477990E+00 -15
  0.13460866090971299E-12  0.99999999999900103E+03  0.98266045277947489E+00 -15
  0.40343540040469899E-12  0.49999999999950003E-07  0.44759499352012803E+02   1
  0.40343540040469899E-12  0.11023961068942900E-06  0.44759499352012803E+02   1
  0.40343540040469899E-12  0.24305543529938201E-06  0.44759499352012803E+02   1
  0.40343540040469899E-12  0.53588673126761102E-06  0.44759499352012803E+02   1
  0.40343540040469899E-12  0.11815188925726300E-05  0.44759499352012803E+02   1
  0.40343540040469899E-12  0.26050036547908501E-05  0.44759499352012803E+02   1
  0.40343540040469899E-12  0.57434917749794303E-05  0.44759499352012803E+02   1
  0.40343540040469899E-12  0.12663205945446100E-04  0.44759499352012803E+02   1
  0.40343540040469899E-12  0.27919737870148901E-04  0.44759499352012803E+02   1
  0.40343540040469899E-12  0.61557220667184294E-04  0.44759499352012803E+02   1
  0.40343540040469899E-12  0.13572088082961000E-03  0.44759499352012803E+02   1
  0.40343540040469899E-12  0.29923634130195201E-03  0.44759499352012803E+02   1
  0.40343540040469899E-12  0.65975395538578796E-03  0.44759499352012803E+02   1
  0.40343540040469899E-12  0.14546203838522601E-02  0.44759499352012803E+02   1
  0.40343540040469899E-12  0.32071356963388501E-02  0.41941164662271724E+02 -15
  0.40343540040469899E-12  0.70710678118584098E-02  0.26951668784448909E+02 -15
  0.40343540040469899E-12  0.15590235254772100E-01  0.17790781831130239E+02 -15
  0.40343540040469899E-12  0.34373229300888299E-01  0.11843258511725866E+02 -15
  0.40343540040469899E-12  0.75785828325444199E-01  0.80501856526420283E+01 -15
  0.40343540040469899E-12  0.16709200420762499E+00  0.57023249275808485E+01 -15
  0.40343540040469899E-12  0.36840314986367101E+00  0.41991493444934580E+01 -15
  0.40343540040469899E-12  0.81225239635542401E+00  0.59675810298846317E+01 -15
  0.40343540040469899E-12  0.17908477591173499E+01  0.62988438738376642E+01 -15
  0.40343540040469899E-12  0.39484471953866298E+01  0.45582193721211439E+01 -15
  0.40343540040469899E-12  0.87055056329525407E+01  0.16182943875792246E+01 -15
  0.40343540040469899E-12  0.19193831036645701E+02  0.13669556616457943E+01 -15
  0.40343540040469899E-12  0.42318409222412399E+02  0.10319796125362464E+01 -15
  0.40343540040469899E-12  0.93303299153587503E+02  0.10011633743701169E+01 -15
  0.40343540040469899E-12  0.20571438749482300E+03  0.98955399358951746E+00 -15
  0.40343540040469899E-12  0.45355747981332797E+03  0.98470157795762236E+00 -15
  0.40343540040469899E-12  0.99999999999900103E+03  0.98266045392575729E+00 -15
  0.12091355875597700E-11  0.49999999999950003E-07  0.44759499352012803E+02   1
  0.12091355875597700E-11  0.11023961068942900E-06  0.44759499352012803E+02   1
  0.12091355875597700E-11  0.24305543529938201E-06  0.44759499352012803E+02   1
  0.12091355875597700E-11  0.53588673126761102E-06  0.44759499352012803E+02   1
  0.12091355875597700E-11  0.11815188925726300E-05  0.44759499352012803E+02   1
  0.12091355875597700E-11  0.26050036547908501E-05  0.44759499352012803E+02   1
  0.12091355875597700E-11  0.57434917749794303E-05  0.44759499352012803E+02   1
  0.12091355875597700E-11  0.12663205945446100E-04  0.44759499352012803E+02   1
  0.12091355875597700E-11  0.27919737870148901E-04  0.44759499352012803E+02   1
  0.12091355875597700E-11  0.61557220667184294E-04  0.44759499352012803E+02   1
  0.12091355875597700E-11  0.13572088082961000E-03  0.44759499352012803E+02   1
  0.12091355875597700E-11  0.29923634130195201E-03  0.44759499352012803E+02   1
  0.12091355875597700E-11  0.65975395538578796E-03  0.44759499352012803E+02   1
  0.12091355875597700E-11  0.14546203838522601E-02  0.44759499352012803E+02   1
  0.12091355875597700E-11  0.32071356963388501E-02  0.41941164661891776E+02 -15
  0.12091355875597700E-11  0.70710678118584098E-02  0.26951668786377873E+02 -15
  0.12091355875597700E-11  0.15590235254772100E-01  0.17790781833302887E+02 -15
  0.12091355875597700E-11  0.34373229300888299E-01  0.11843258507348501E+02 -15
  0.12091355875597700E-11  0.75785828325444199E-01  0.80501856489909756E+01 -15
  0.12091355875597700E-11  0.16709200420762499E+00  0.57023249146937998E+01 -15
  0.12091355875597700E-11  0.36840314986367101E+00  0.41991493565366902E+01 -15
  0.12091355875597700E-11  0.81225239635542401E+00  0.59675809990045670E+01 -15
  0.12091355875597700E-11  0.17908477591173499E+01  0.62988448120554468E+01 -15
  0.12091355875597700E-11  0.39484471953866298E+01  0.45582193562404010E+01 -15
  0.12091355875597700E-11  0.87055056329525407E+01  0.16182943147372177E+01 -15
  0.12091355875597700E-11  0.19193831036645701E+02  0.13669556587777472E+01 -15
  0.12091355875597700E-11  0.42318409222412399E+02  0.10319796137976980E+01 -15
  0.12091355875597700E-11  0.93303299153587503E+02  0.10011633750842361E+01 -15
  0.12091355875597700E-11  0.20571438749482300E+03  0.98955399358203544E+00 -15
  0.12091355875597700E-11  0.45355747981332797E+03  0.98470157805132008E+00 -15
  0.12091355875597700E-11  0.99999999999900103E+03  0.98266045284509351E+00 -15
  0.36238983183848599E-11  0.49999999999950003E-07  0.44759499352012803E+02   1
  0.36238983183848599E-11  0.11023961068942900E-06  0.44759499352012803E+02   1
  0.36238983183848599E-11  0.24305543529938201E-06  0.44759499352012803E+02   1
  0.36238983183848599E-11  0.53588673126761102E-06  0.44759499352012803E+02   1
  0.36238983183848599E-11  0.11815188925726300E-05  0.44759499352012803E+02   1
  0.36238983183848599E-11  0.26050036547908501E-05  0.44759499352012803E+02   1
  0.36238983183848599E-11  0.57434917749794303E-05  0.44759499352012803E+02   1
  0.36238983183848599E-11  0.12663205945446100E-04  0.44759499352012803E+02   1
  0.36238983183848599E-11  0.27919737870148901E-04  0.44759499352012803E+02   1
  0.36238983183848599E-11  0.61557220667184294E-04  0.44759499352012803E+02   1
  0.36238983183848599E-11  0.13572088082961000E-03  0.44759499352012803E+02   1
  0.36238983183848599E-11  0.29923634130195201E-03  0.44759499352012803E+02   1
  0.36238983183848599E-11  0.65975395538578796E-03  0.44759499352012803E+02   1
  0.36238983183848599E-11  0.14546203838522601E-02  0.44759499352012803E+02   1
  0.36238983183848599E-11  0.32071356963388501E-02  0.41941164663701535E+02 -15
  0.36238983183848599E-11  0.70710678118584098E-02  0.26951668789324714E+02 -15
  0.36238983183848599E-11  0.15590235254772100E-01  0.17790781831124956E+02 -15
  0.36238983183848599E-11  0.34373229300888299E-01  0.11843258509840778E+02 -15
  0.36238983183848599E-11  0.75785828325444199E-01  0.80501856408194445E+01 -15
  0.36238983183848599E-11  0.16709200420762499E+00  0.57023249227281196E+01 -15
  0.36238983183848599E-11  0.36840314986367101E+00  0.41991494106348162E+01 -15
  0.36238983183848599E-11  0.81225239635542401E+00  0.59675809593233007E+01 -15
  0.36238983183848599E-11  0.17908477591173499E+01  0.62988441244514242E+01 -15
  0.36238983183848599E-11  0.39484471953866298E+01  0.45582193374547124E+01 -15
  0.36238983183848599E-11  0.87055056329525407E+01  0.16182942728003302E+01 -15
  0.36238983183848599E-11  0.19193831036645701E+02  0.13669556628591666E+01 -15
  0.36238983183848599E-11  0.42318409222412399E+02  0.10319796126456773E+01 -15
  0.36238983183848599E-11  0.93303299153587503E+02  0.10011633726470131E+01 -15
  0.36238983183848599E-11  0.20571438749482300E+03  0.98955399310095971E+00 -15
  0.36238983183848599E-11  0.45355747981332797E+03  0.98470157718876394E+00 -15
  0.36238983183848599E-11  0.99999999999900103E+03  0.98266045498808741E+00 -15
  0.10861179802421000E-10  0.49999999999950003E-07  0.44759499352012803E+02   1
  0.10861179802421000E-10  0.11023961068942900E-06  0.44759499352012803E+02   1
  0.10861179802421000E-10  0.24305543529938201E-06  0.44759499352012803E+02   1
  0.10861179802421000E-10  0.53588673126761102E-06  0.44759499352012803E+02   1
  0.10861179802421000E-10  0.11815188925726300E-05  0.44759499352012803E+02   1
  0.10861179802421000E-10  0.26050036547908501E-05  0.44759499352012803E+02   1
  0.10861179802421000E-10  0.57434917749794303E-05  0.44759499352012803E+02   1
  0.10861179802421000E-10  0.12663205945446100E-04  0.44759499352012803E+02   1
  0.10861179802421000E-10  0.27919737870148901E-04  0.44759499352012803E+02   1
  0.10861179802421000E-10  0.61557220667184294E-04  0.44759499352012803E+02   1
  0.10861179802421000E-10  0.13572088082961000E-03  0.44759499352012803E+02   1
  0.10861179802421000E-10  0.29923634130195201E-03  0.44759499352012803E+02   1
  0.10861179802421000E-10  0.65975395538578796E-03  0.44759499352012803E+02   1
  0.10861179802421000E-10  0.14546203838522601E-02  0.44759499352012803E+02   1
  0.10861179802421000E-10  0.32071356963388501E-02  0.41941164664350474E+02 -15
  0.10861179802421000E-10  0.70710678118584098E-02  0.26951668788886785E+02 -15
  0.10861179802421000E-10  0.15590235254772100E-01  0.17790781832959436E+02 -15
  0.10861179802421000E-10  0.34373229300888299E-01  0.11843258517184331E+02 -15
  0.10861179802421000E-10  0.75785828325444199E-01  0.80501856417645445E+01 -15
  0.10861179802421000E-10  0.16709200420762499E+00  0.57023249300361414E+01 -15
  0.10861179802421000E-10  0.36840314986367101E+00  0.41991493885284070E+01 -15
  0.10861179802421000E-10  0.81225239635542401E+00  0.59675808909833972E+01 -15
  0.10861179802421000E-10  0.17908477591173499E+01  0.62988436842337627E+01 -15
  0.10861179802421000E-10  0.39484471953866298E+01  0.45582193512718874E+01 -15
  0.10861179802421000E-10  0.87055056329525407E+01  0.16182943348925416E+01 -15
  0.10861179802421000E-10  0.19193831036645701E+02  0.13669556548857509E+01 -15
  0.10861179802421000E-10  0.42318409222412399E+02  0.10319796096631972E+01 -15
  0.10861179802421000E-10  0.93303299153587503E+02  0.10011633729471170E+01 -15
  0.10861179802421000E-10  0.20571438749482300E+03  0.98955399099374575E+00 -15
  0.10861179802421000E-10  0.45355747981332797E+03  0.98470157790649282E+00 -15
  0.10861179802421000E-10  0.99999999999900103E+03  0.98266045297870586E+00 -15
  0.32552024459972603E-10  0.49999999999950003E-07  0.44759499352012803E+02   1
  0.32552024459972603E-10  0.11023961068942900E-06  0.44759499352012803E+02   1
  0.32552024459972603E-10  0.24305543529938201E-06  0.44759499352012803E+02   1
  0.32552024459972603E-10  0.53588673126761102E-06  0.44759499352012803E+02   1
  0.32552024459972603E-10  0.11815188925726300E-05  0.44759499352012803E+02   1
  0.32552024459972603E-10  0.26050036547908501E-05  0.44759499352012803E+02   1
  0.32552024459972603E-10  0.57434917749794303E-05  0.44759499352012803E+02   1
  0.32552024459972603E-10  0.12663205945446100E-04  0.44759499352012803E+02   1
  0.32552024459972603E-10  0.27919737870148901E-04  0.44759499352012803E+02   1
  0.32552024459972603E-10  0.61557220667184294E-04  0.44759499352012803E+02   1
  0.32552024459972603E-10  0.13572088082961000E-03  0.44759499352012803E+02   1
  0.32552024459972603E-10  0.29923634130195201E-03  0.44759499352012803E+02   1
  0.32552024459972603E-10  0.65975395538578796E-03  0.44759499352012803E+02   1
  0.32552024459972603E-10  0.14546203838522601E-02  0.44759499352012803E+02   1
  0.32552024459972603E-10  0.32071356963388501E-02  0.41941164674124202E+02 -15
  0.32552024459972603E-10  0.70710678118584098E-02  0.26951668791971553E+02 -15
  0.32552024459972603E-10  0.15590235254772100E-01  0.17790781837137125E+02 -15
  0.32552024459972603E-10  0.34373229300888299E-01  0.11843258518972970E+02 -15
  0.32552024459972603E-10  0.75785828325444199E-01  0.80501856442610453E+01 -15
  0.32552024459972603E-10  0.16709200420762499E+00  0.57023249155396218E+01 -15
  0.32552024459972603E-10  0.36840314986367101E+00  0.41991493965543185E+01 -15
  0.32552024459972603E-10  0.81225239635542401E+00  0.59675808002663375E+01 -15
  0.32552024459972603E-10  0.17908477591173499E+01  0.62988442645546510E+01 -15
  0.32552024459972603E-10  0.39484471953866298E+01  0.45582193771204214E+01 -15
  0.32552024459972603E-10  0.87055056329525407E+01  0.16182942933874578E+01 -15
  0.32552024459972603E-10  0.19193831036645701E+02  0.13669556365205797E+01 -15
  0.32552024459972603E-10  0.42318409222412399E+02  0.10319796105374086E+01 -15
  0.32552024459972603E-10  0.93303299153587503E+02  0.10011633744567703E+01 -15
  0.32552024459972603E-10  0.20571438749482300E+03  0.98955399443656256E+00 -15
  0.32552024459972603E-10  0.45355747981332797E+03  0.98470157678446990E+00 -15
  0.32552024459972603E-10  0.99999999999900103E+03  0.98266045324091833E+00 -15
  0.97561619982247103E-10  0.49999999999950003E-07  0.44759499352012803E+02   1
  0.97561619982247103E-10  0.11023961068942900E-06  0.44759499352012803E+02   1
  0.97561619982247103E-10  0.24305543529938201E-06  0.44759499352012803E+02   1
  0.97561619982247103E-10  0.53588673126761102E-06  0.44759499352012803E+02   1
  0.97561619982247103E-10  0.11815188925726300E-05  0.44759499352012803E+02   1
  0.97561619982247103E-10  0.26050036547908501E-05  0.44759499352012803E+02   1
  0.97561619982247103E-10  0.57434917749794303E-05  0.44759499352012803E+02   1
  0.97561619982247103E-10  0.12663205945446100E-04  0.44759499352012803E+02   1
  0.97561619982247103E-10  0.27919737870148901E-04  0.44759499352012803E+02   1
  0.97561619982247103E-10  0.61557220667184294E-04  0.44759499352012803E+02   1
  0.97561619982247103E-10  0.13572088082961000E-03  0.44759499352012803E+02   1
  0.97561619982247103E-10  0.29923634130195201E-03  0.44759499352012803E+02   1
  0.97561619982247103E-10  0.65975395538578796E-03  0.44759499352012803E+02   1
  0.97561619982247103E-10  0.14546203838522601E-02  0.44759499352012803E+02   1
  0.97561619982247103E-10  0.32071356963388501E-02  0.41941164700364503E+02 -15
  0.97561619982247103E-10  0.70710678118584098E-02  0.26951668803708351E+02 -15
  0.97561619982247103E-10  0.15590235254772100E-01  0.17790781840138592E+02 -15
  0.97561619982247103E-10  0.34373229300888299E-01  0.11843258515112817E+02 -15
  0.97561619982247103E-10  0.75785828325444199E-01  0.80501856521374098E+01 -15
  0.97561619982247103E-10  0.16709200420762499E+00  0.57023249179233657E+01 -15
  0.97561619982247103E-10  0.36840314986367101E+00  0.41991494457538456E+01 -15
  0.97561619982247103E-10  0.81225239635542401E+00  0.59675809463839249E+01 -15
  0.97561619982247103E-10  0.17908477591173499E+01  0.62988429436205235E+01 -15
  0.97561619982247103E-10  0.39484471953866298E+01  0.45582193872802153E+01 -15
  0.97561619982247103E-10  0.87055056329525407E+01  0.16182943323740611E+01 -15
  0.97561619982247103E-10  0.19193831036645701E+02  0.13669556604299047E+01 -15
  0.97561619982247103E-10  0.42318409222412399E+02  0.10319796101541108E+01 -15
  0.97561619982247103E-10  0.93303299153587503E+02  0.10011633729333187E+01 -15
  0.97561619982247103E-10  0.20571438749482300E+03  0.98955399425663948E+00 -15
  0.97561619982247103E-10  0.45355747981332797E+03  0.98470157764762523E+00 -15
  0.97561619982247103E-10  0.99999999999900103E+03  0.98266045339512897E+00 -15
  0.29240177382099501E-09  0.49999999999950003E-07  0.44759499352012803E+02   1
  0.29240177382099501E-09  0.11023961068942900E-06  0.44759499352012803E+02   1
  0.29240177382099501E-09  0.24305543529938201E-06  0.44759499352012803E+02   1
  0.29240177382099501E-09  0.53588673126761102E-06  0.44759499352012803E+02   1
  0.29240177382099501E-09  0.11815188925726300E-05  0.44759499352012803E+02   1
  0.29240177382099501E-09  0.26050036547908501E-05  0.44759499352012803E+02   1
  0.29240177382099501E-09  0.57434917749794303E-05  0.44759499352012803E+02   1
  0.29240177382099501E-09  0.12663205945446100E-04  0.44759499352012803E+02   1
  0.29240177382099501E-09  0.27919737870148901E-04  0.44759499352012803E+02   1
  0.29240177382099501E-09  0.61557220667184294E-04  0.44759499352012803E+02   1
  0.29240177382099501E-09  0.13572088082961000E-03  0.44759499352012803E+02   1
  0.29240177382099501E-09  0.29923634130195201E-03  0.44759499352012803E+02   1
  0.29240177382099501E-09  0.65975395538578796E-03  0.44759499352012803E+02   1
  0.29240177382099501E-09  0.14546203838522601E-02  0.44759499352012803E+02   1
  0.29240177382099501E-09  0.32071356963388501E-02  0.41941164770026951E+02 -15
  0.29240177382099501E-09  0.70710678118584098E-02  0.26951668838906865E+02 -15
  0.29240177382099501E-09  0.15590235254772100E-01  0.17790781860351689E+02 -15
  0.29240177382099501E-09  0.34373229300888299E-01  0.11843258528531932E+02 -15
  0.29240177382099501E-09  0.75785828325444199E-01  0.80501856558711431E+01 -15
  0.29240177382099501E-09  0.16709200420762499E+00  0.57023248992913791E+01 -15
  0.29240177382099501E-09  0.36840314986367101E+00  0.41991494372872467E+01 -15
  0.29240177382099501E-09  0.81225239635542401E+00  0.59675807646710899E+01 -15
  0.29240177382099501E-09  0.17908477591173499E+01  0.62988438590910567E+01 -15
  0.29240177382099501E-09  0.39484471953866298E+01  0.45582193257943695E+01 -15
  0.29240177382099501E-09  0.87055056329525407E+01  0.16182943310720801E+01 -15
  0.29240177382099501E-09  0.19193831036645701E+02  0.13669556662950750E+01 -15
  0.29240177382099501E-09  0.42318409222412399E+02  0.10319796125235061E+01 -15
  0.29240177382099501E-09  0.93303299153587503E+02  0.10011633732338885E+01 -15
  0.29240177382099501E-09  0.20571438749482300E+03  0.98955399314298242E+00 -15
  0.29240177382099501E-09  0.45355747981332797E+03  0.98470157728773533E+00 -15
  0.29240177382099501E-09  0.99999999999900103E+03  0.98266045358110421E+00 -15
  0.87635688449230502E-09  0.49999999999950003E-07  0.44759499352012803E+02   1
  0.87635688449230502E-09  0.11023961068942900E-06  0.44759499352012803E+02   1
  0.87635688449230502E-09  0.24305543529938201E-06  0.44759499352012803E+02   1
  0.87635688449230502E-09  0.53588673126761102E-06  0.44759499352012803E+02   1
  0.87635688449230502E-09  0.11815188925726300E-05  0.44759499352012803E+02   1
  0.87635688449230502E-09  0.26050036547908501E-05  0.44759499352012803E+02   1
  0.87635688449230502E-09  0.57434917749794303E-05  0.44759499352012803E+02   1
  0.87635688449230502E-09  0.12663205945446100E-04  0.44759499352012803E+02   1
  0.87635688449230502E-09  0.27919737870148901E-04  0.44759499352012803E+02   1
  0.87635688449230502E-09  0.61557220667184294E-04  0.44759499352012803E+02   1
  0.87635688449230502E-09  0.13572088082961000E-03  0.44759499352012803E+02   1
  0.87635688449230502E-09  0.29923634130195201E-03  0.44759499352012803E+02   1
  0.87635688449230502E-09  0.65975395538578796E-03  0.44759499352012803E+02   1
  0.87635688449230502E-09  0.14546203838522601E-02  0.44759499352012803E+02   1
  0.87635688449230502E-09  0.32071356963388501E-02  0.41941164988958931E+02 -15
  0.87635688449230502E-09  0.70710678118584098E-02  0.26951668939445597E+02 -15
  0.87635688449230502E-09  0.15590235254772100E-01  0.17790781920753677E+02 -15
  0.87635688449230502E-09  0.34373229300888299E-01  0.11843258572590488E+02 -15
  0.87635688449230502E-09  0.75785828325444199E-01  0.80501856623926908E+01 -15
  0.87635688449230502E-09  0.16709200420762499E+00  0.57023249241239720E+01 -15
  0.87635688449230502E-09  0.36840314986367101E+00  0.41991494105170055E+01 -15
  0.87635688449230502E-09  0.81225239635542401E+00  0.59675808504192727E+01 -15
  0.87635688449230502E-09  0.17908477591173499E+01  0.62988434673079388E+01 -15
  0.87635688449230502E-09  0.39484471953866298E+01  0.45582193689005592E+01 -15
  0.87635688449230502E-09  0.87055056329525407E+01  0.16182944401467654E+01 -15
  0.87635688449230502E-09  0.19193831036645701E+02  0.13669556460627064E+01 -15
  0.87635688449230502E-09  0.42318409222412399E+02  0.10319796093280282E+01 -15
  0.87635688449230502E-09  0.93303299153587503E+02  0.10011633730744933E+01 -15
  0.87635688449230502E-09  0.20571438749482300E+03  0.98955399095974939E+00 -15
  0.87635688449230502E-09  0.45355747981332797E+03  0.98470157695805882E+00 -15
  0.87635688449230502E-09  0.99999999999900103E+03  0.98266045375815536E+00 -15
  0.26265278044011498E-08  0.49999999999950003E-07  0.44759499352012803E+02   1
  0.26265278044011498E-08  0.11023961068942900E-06  0.44759499352012803E+02   1
  0.26265278044011498E-08  0.24305543529938201E-06  0.44759499352012803E+02   1
  0.26265278044011498E-08  0.53588673126761102E-06  0.44759499352012803E+02   1
  0.26265278044011498E-08  0.11815188925726300E-05  0.44759499352012803E+02   1
  0.26265278044011498E-08  0.26050036547908501E-05  0.44759499352012803E+02   1
  0.26265278044011498E-08  0.57434917749794303E-05  0.44759499352012803E+02   1
  0.26265278044011498E-08  0.12663205945446100E-04  0.44759499352012803E+02   1
  0.26265278044011498E-08  0.27919737870148901E-04  0.44759499352012803E+02   1
  0.26265278044011498E-08  0.61557220667184294E-04  0.44759499352012803E+02   1
  0.26265278044011498E-08  0.13572088082961000E-03  0.44759499352012803E+02   1
  0.26265278044011498E-08  0.29923634130195201E-03  0.44759499352012803E+02   1
  0.26265278044011498E-08  0.65975395538578796E-03  0.44759499352012803E+02   1
  0.26265278044011498E-08  0.14546203838522601E-02  0.44759499352012803E+02   1
  0.26265278044011498E-08  0.32071356963388501E-02  0.41941165641747880E+02 -15
  0.26265278044011498E-08  0.70710678118584098E-02  0.26951669253944743E+02 -15
  0.26265278044011498E-08  0.15590235254772100E-01  0.17790782111434037E+02 -15
  0.26265278044011498E-08  0.34373229300888299E-01  0.11843258703983105E+02 -15
  0.26265278044011498E-08  0.75785828325444199E-01  0.80501856749976604E+01 -15
  0.26265278044011498E-08  0.16709200420762499E+00  0.57023249141527748E+01 -15
  0.26265278044011498E-08  0.36840314986367101E+00  0.41991493450486841E+01 -15
  0.26265278044011498E-08  0.81225239635542401E+00  0.59675807097008926E+01 -15
  0.26265278044011498E-08  0.17908477591173499E+01  0.62988440609986522E+01 -15
  0.26265278044011498E-08  0.39484471953866298E+01  0.45582194006436616E+01 -15
  0.26265278044011498E-08  0.87055056329525407E+01  0.16182943199929987E+01 -15
  0.26265278044011498E-08  0.19193831036645701E+02  0.13669556590449476E+01 -15
  0.26265278044011498E-08  0.42318409222412399E+02  0.10319796159088421E+01 -15
  0.26265278044011498E-08  0.93303299153587503E+02  0.10011633747080464E+01 -15
  0.26265278044011498E-08  0.20571438749482300E+03  0.98955399075819439E+00 -15
  0.26265278044011498E-08  0.45355747981332797E+03  0.98470157697501115E+00 -15
  0.26265278044011498E-08  0.99999999999900103E+03  0.98266045345034214E+00 -15
  0.78719622443416707E-08  0.49999999999950003E-07  0.44759499352012803E+02   1
  0.78719622443416707E-08  0.11023961068942900E-06  0.44759499352012803E+02   1
  0.78719622443416707E-08  0.24305543529938201E-06  0.44759499352012803E+02   1
  0.78719622443416707E-08  0.53588673126761102E-06  0.44759499352012803E+02   1
  0.78719622443416707E-08  0.11815188925726300E-05  0.44759499352012803E+02   1
  0.78719622443416707E-08  0.26050036547908501E-05  0.44759499352012803E+02   1
  0.78719622443416707E-08  0.57434917749794303E-05  0.44759499352012803E+02   1
  0.78719622443416707E-08  0.12663205945446100E-04  0.44759499352012803E+02   1
  0.78719622443416707E-08  0.27919737870148901E-04  0.44759499352012803E+02   1
  0.78719622443416707E-08  0.61557220667184294E-04  0.44759499352012803E+02   1
  0.78719622443416707E-08  0.13572088082961000E-03  0.44759499352012803E+02   1
  0.78719622443416707E-08  0.29923634130195201E-03  0.44759499352012803E+02   1
  0.78719622443416707E-08  0.65975395538578796E-03  0.44759499352012803E+02   1
  0.78719622443416707E-08  0.14546203838522601E-02  0.44759499352012803E+02   1
  0.78719622443416707E-08  0.32071356963388501E-02  0.41941167600714373E+02 -15
  0.78719622443416707E-08  0.70710678118584098E-02  0.26951670184974727E+02 -15
  0.78719622443416707E-08  0.15590235254772100E-01  0.17790782660976326E+02 -15
  0.78719622443416707E-08  0.34373229300888299E-01  0.11843259088913573E+02 -15
  0.78719622443416707E-08  0.75785828325444199E-01  0.80501857484947372E+01 -15
  0.78719622443416707E-08  0.16709200420762499E+00  0.57023250282856432E+01 -15
  0.78719622443416707E-08  0.36840314986367101E+00  0.41991493941719034E+01 -15
  0.78719622443416707E-08  0.81225239635542401E+00  0.59675807862165540E+01 -15
  0.78719622443416707E-08  0.17908477591173499E+01  0.62988440113506119E+01 -15
  0.78719622443416707E-08  0.39484471953866298E+01  0.45582193110411131E+01 -15
  0.78719622443416707E-08  0.87055056329525407E+01  0.16182942238462652E+01 -15
  0.78719622443416707E-08  0.19193831036645701E+02  0.13669556599623864E+01 -15
  0.78719622443416707E-08  0.42318409222412399E+02  0.10319796153831784E+01 -15
  0.78719622443416707E-08  0.93303299153587503E+02  0.10011633760559517E+01 -15
  0.78719622443416707E-08  0.20571438749482300E+03  0.98955399417586265E+00 -15
  0.78719622443416707E-08  0.45355747981332797E+03  0.98470157839222960E+00 -15
  0.78719622443416707E-08  0.99999999999900103E+03  0.98266045310225647E+00 -15
  0.23593045340127098E-07  0.49999999999950003E-07  0.44759499352012803E+02   1
  0.23593045340127098E-07  0.11023961068942900E-06  0.44759499352012803E+02   1
  0.23593045340127098E-07  0.24305543529938201E-06  0.44759499352012803E+02   1
  0.23593045340127098E-07  0.53588673126761102E-06  0.44759499352012803E+02   1
  0.23593045340127098E-07  0.11815188925726300E-05  0.44759499352012803E+02   1
  0.23593045340127098E-07  0.26050036547908501E-05  0.44759499352012803E+02   1
  0.23593045340127098E-07  0.57434917749794303E-05  0.44759499352012803E+02   1
  0.23593045340127098E-07  0.12663205945446100E-04  0.44759499352012803E+02   1
  0.23593045340127098E-07  0.27919737870148901E-04  0.44759499352012803E+02   1
  0.23593045340127098E-07  0.61557220667184294E-04  0.44759499352012803E+02   1
  0.23593045340127098E-07  0.13572088082961000E-03  0.44759499352012803E+02   1
  0.23593045340127098E-07  0.29923634130195201E-03  0.44759499352012803E+02   1
  0.23593045340127098E-07  0.65975395538578796E-03  0.44759499352012803E+02   1
  0.23593045340127098E-07  0.14546203838522601E-02  0.44759499352012803E+02   1
  0.23593045340127098E-07  0.32071356963388501E-02  0.41941173475311302E+02 -15
  0.23593045340127098E-07  0.70710678118584098E-02  0.26951672978018273E+02 -15
  0.23593045340127098E-07  0.15590235254772100E-01  0.17790784319463995E+02 -15
  0.23593045340127098E-07  0.34373229300888299E-01  0.11843260238352995E+02 -15
  0.23593045340127098E-07  0.75785828325444199E-01  0.80501859699685294E+01 -15
  0.23593045340127098E-07  0.16709200420762499E+00  0.57023252079602234E+01 -15
  0.23593045340127098E-07  0.36840314986367101E+00  0.41991494195926178E+01 -15
  0.23593045340127098E-07  0.81225239635542401E+00  0.59675806345365876E+01 -15
  0.23593045340127098E-07  0.17908477591173499E+01  0.62988442059916547E+01 -15
  0.23593045340127098E-07  0.39484471953866298E+01  0.45582192434190425E+01 -15
  0.23593045340127098E-07  0.87055056329525407E+01  0.16182942955289974E+01 -15
  0.23593045340127098E-07  0.19193831036645701E+02  0.13669556788242474E+01 -15
  0.23593045340127098E-07  0.42318409222412399E+02  0.10319796099488745E+01 -15
  0.23593045340127098E-07  0.93303299153587503E+02  0.10011633767577381E+01 -15
  0.23593045340127098E-07  0.20571438749482300E+03  0.98955399335451977E+00 -15
  0.23593045340127098E-07  0.45355747981332797E+03  0.98470157735275010E+00 -15
  0.23593045340127098E-07  0.99999999999900103E+03  0.98266045278974423E+00 -15
  0.70710678118584295E-07  0.49999999999950003E-07  0.44759499352012803E+02   1
  0.70710678118584295E-07  0.11023961068942900E-06  0.44759499352012803E+02   1
  0.70710678118584295E-07  0.24305543529938201E-06  0.44759499352012803E+02   1
  0.70710678118584295E-07  0.53588673126761102E-06  0.44759499352012803E+02   1
  0.70710678118584295E-07  0.11815188925726300E-05  0.44759499352012803E+02   1
  0.70710678118584295E-07  0.26050036547908501E-05  0.44759499352012803E+02   1
  0.70710678118584295E-07  0.57434917749794303E-05  0.44759499352012803E+02   1
  0.70710678118584295E-07  0.12663205945446100E-04  0.44759499352012803E+02   1
  0.70710678118584295E-07  0.27919737870148901E-04  0.44759499352012803E+02   1
  0.70710678118584295E-07  0.61557220667184294E-04  0.44759499352012803E+02   1
  0.70710678118584295E-07  0.13572088082961000E-03  0.44759499352012803E+02   1
  0.70710678118584295E-07  0.29923634130195201E-03  0.44759499352012803E+02   1
  0.70710678118584295E-07  0.65975395538578796E-03  0.44759499352012803E+02   1
  0.70710678118584295E-07  0.14546203838522601E-02  0.44759499352012803E+02   1
  0.70710678118584295E-07  0.32071356963388501E-02  0.41941191079090473E+02 -15
  0.70710678118584295E-07  0.70710678118584098E-02  0.26951681349729803E+02 -15
  0.70710678118584295E-07  0.15590235254772100E-01  0.17790789287120536E+02 -15
  0.70710678118584295E-07  0.34373229300888299E-01  0.11843263694404440E+02 -15
  0.70710678118584295E-07  0.75785828325444199E-01  0.80501866224563123E+01 -15
  0.70710678118584295E-07  0.16709200420762499E+00  0.57023257616679155E+01 -15
  0.70710678118584295E-07  0.36840314986367101E+00  0.41991494360211048E+01 -15
  0.70710678118584295E-07  0.81225239635542401E+00  0.59675809073293893E+01 -15
  0.70710678118584295E-07  0.17908477591173499E+01  0.62988429733640698E+01 -15
  0.70710678118584295E-07  0.39484471953866298E+01  0.45582191465833359E+01 -15
  0.70710678118584295E-07  0.87055056329525407E+01  0.16182943967669827E+01 -15
  0.70710678118584295E-07  0.19193831036645701E+02  0.13669556796624207E+01 -15
  0.70710678118584295E-07  0.42318409222412399E+02  0.10319796127041700E+01 -15
  0.70710678118584295E-07  0.93303299153587503E+02  0.10011633753834719E+01 -15
  0.70710678118584295E-07  0.20571438749482300E+03  0.98955399307954506E+00 -15
  0.70710678118584295E-07  0.45355747981332797E+03  0.98470157706194661E+00 -15
  0.70710678118584295E-07  0.99999999999900103E+03  0.98266045322200612E+00 -15
  0.21192685928874300E-06  0.49999999999950003E-07  0.44759499352012803E+02   1
  0.21192685928874300E-06  0.11023961068942900E-06  0.44759499352012803E+02   1
  0.21192685928874300E-06  0.24305543529938201E-06  0.44759499352012803E+02   1
  0.21192685928874300E-06  0.53588673126761102E-06  0.44759499352012803E+02   1
  0.21192685928874300E-06  0.11815188925726300E-05  0.44759499352012803E+02   1
  0.21192685928874300E-06  0.26050036547908501E-05  0.44759499352012803E+02   1
  0.21192685928874300E-06  0.57434917749794303E-05  0.44759499352012803E+02   1
  0.21192685928874300E-06  0.12663205945446100E-04  0.44759499352012803E+02   1
  0.21192685928874300E-06  0.27919737870148901E-04  0.44759499352012803E+02   1
  0.21192685928874300E-06  0.61557220667184294E-04  0.44759499352012803E+02   1
  0.21192685928874300E-06  0.13572088082961000E-03  0.44759499352012803E+02   1
  0.21192685928874300E-06  0.29923634130195201E-03  0.44759499352012803E+02   1
  0.21192685928874300E-06  0.65975395538578796E-03  0.44759499352012803E+02   1
  0.21192685928874300E-06  0.14546203838522601E-02  0.44759499352012803E+02   1
  0.21192685928874300E-06  0.32071356963388501E-02  0.41941243844197793E+02 -15
  0.21192685928874300E-06  0.70710678118584098E-02  0.26951706438425436E+02 -15
  0.21192685928874300E-06  0.15590235254772100E-01  0.17790804175957032E+02 -15
  0.21192685928874300E-06  0.34373229300888299E-01  0.11843274035455785E+02 -15
  0.21192685928874300E-06  0.75785828325444199E-01  0.80501886353725425E+01 -15
  0.21192685928874300E-06  0.16709200420762499E+00  0.57023274784539870E+01 -15
  0.21192685928874300E-06  0.36840314986367101E+00  0.41991496764603289E+01 -15
  0.21192685928874300E-06  0.81225239635542401E+00  0.59675802973693370E+01 -15
  0.21192685928874300E-06  0.17908477591173499E+01  0.62988409992769707E+01 -15
  0.21192685928874300E-06  0.39484471953866298E+01  0.45582186707784142E+01 -15
  0.21192685928874300E-06  0.87055056329525407E+01  0.16182943092387769E+01 -15
  0.21192685928874300E-06  0.19193831036645701E+02  0.13669557298572257E+01 -15
  0.21192685928874300E-06  0.42318409222412399E+02  0.10319796249937772E+01 -15
  0.21192685928874300E-06  0.93303299153587503E+02  0.10011633737317700E+01 -15
  0.21192685928874300E-06  0.20571438749482300E+03  0.98955399426553647E+00 -15
  0.21192685928874300E-06  0.45355747981332797E+03  0.98470157884177001E+00 -15
  0.21192685928874300E-06  0.99999999999900103E+03  0.98266045365344423E+00 -15
  0.63516564800396695E-06  0.49999999999950003E-07  0.44759499352012803E+02   1
  0.63516564800396695E-06  0.11023961068942900E-06  0.44759499352012803E+02   1
  0.63516564800396695E-06  0.24305543529938201E-06  0.44759499352012803E+02   1
  0.63516564800396695E-06  0.53588673126761102E-06  0.44759499352012803E+02   1
  0.63516564800396695E-06  0.11815188925726300E-05  0.44759499352012803E+02   1
  0.63516564800396695E-06  0.26050036547908501E-05  0.44759499352012803E+02   1
  0.63516564800396695E-06  0.57434917749794303E-05  0.44759499352012803E+02   1
  0.63516564800396695E-06  0.12663205945446100E-04  0.44759499352012803E+02   1
  0.63516564800396695E-06  0.27919737870148901E-04  0.44759499352012803E+02   1
  0.63516564800396695E-06  0.61557220667184294E-04  0.44759499352012803E+02   1
  0.63516564800396695E-06  0.13572088082961000E-03  0.44759499352012803E+02   1
  0.63516564800396695E-06  0.29923634130195201E-03  0.44759499352012803E+02   1
  0.63516564800396695E-06  0.65975395538578796E-03  0.44759499352012803E+02   1
  0.63516564800396695E-06  0.14546203838522601E-02  0.44759499352012803E+02   1
  0.63516564800396695E-06  0.32071356963388501E-02  0.41941402020865354E+02 -15
  0.63516564800396695E-06  0.70710678118584098E-02  0.26951781649323173E+02 -15
  0.63516564800396695E-06  0.15590235254772100E-01  0.17790848806374466E+02 -15
  0.63516564800396695E-06  0.34373229300888299E-01  0.11843305051864514E+02 -15
  0.63516564800396695E-06  0.75785828325444199E-01  0.80501950907672075E+01 -15
  0.63516564800396695E-06  0.16709200420762499E+00  0.57023326147036233E+01 -15
  0.63516564800396695E-06  0.36840314986367101E+00  0.41991503682979712E+01 -15
  0.63516564800396695E-06  0.81225239635542401E+00  0.59675791382099836E+01 -15
  0.63516564800396695E-06  0.17908477591173499E+01  0.62988367670483765E+01 -15
  0.63516564800396695E-06  0.39484471953866298E+01  0.45582172134230943E+01 -15
  0.63516564800396695E-06  0.87055056329525407E+01  0.16182942328850889E+01 -15
  0.63516564800396695E-06  0.19193831036645701E+02  0.13669558141901115E+01 -15
  0.63516564800396695E-06  0.42318409222412399E+02  0.10319796216045674E+01 -15
  0.63516564800396695E-06  0.93303299153587503E+02  0.10011633780661573E+01 -15
  0.63516564800396695E-06  0.20571438749482300E+03  0.98955399388788534E+00 -15
  0.63516564800396695E-06  0.45355747981332797E+03  0.98470157717569085E+00 -15
  0.63516564800396695E-06  0.99999999999900103E+03  0.98266045434552651E+00 -15
  0.19036539387139800E-05  0.49999999999950003E-07  0.44759499352012803E+02   1
  0.19036539387139800E-05  0.11023961068942900E-06  0.44759499352012803E+02   1
  0.19036539387139800E-05  0.24305543529938201E-06  0.44759499352012803E+02   1
  0.19036539387139800E-05  0.53588673126761102E-06  0.44759499352012803E+02   1
  0.19036539387139800E-05  0.11815188925726300E-05  0.44759499352012803E+02   1
  0.19036539387139800E-05  0.26050036547908501E-05  0.44759499352012803E+02   1
  0.19036539387139800E-05  0.57434917749794303E-05  0.44759499352012803E+02   1
  0.19036539387139800E-05  0.12663205945446100E-04  0.44759499352012803E+02   1
  0.19036539387139800E-05  0.27919737870148901E-04  0.44759499352012803E+02   1
  0.19036539387139800E-05  0.61557220667184294E-04  0.44759499352012803E+02   1
  0.19036539387139800E-05  0.13572088082961000E-03  0.44759499352012803E+02   1
  0.19036539387139800E-05  0.29923634130195201E-03  0.44759499352012803E+02   1
  0.19036539387139800E-05  0.65975395538578796E-03  0.44759499352012803E+02   1
  0.19036539387139800E-05  0.14546203838522601E-02  0.44759499352012803E+02   1
  0.19036539387139800E-05  0.32071356963388501E-02  0.41941876361532877E+02 -15
  0.19036539387139800E-05  0.70710678118584098E-02  0.26952007134891346E+02 -15
  0.19036539387139800E-05  0.15590235254772100E-01  0.17790982612117574E+02 -15
  0.19036539387139800E-05  0.34373229300888299E-01  0.11843398030996154E+02 -15
  0.19036539387139800E-05  0.75785828325444199E-01  0.80502175925001502E+01 -15
  0.19036539387139800E-05  0.16709200420762499E+00  0.57023483010925693E+01 -15
  0.19036539387139800E-05  0.36840314986367101E+00  0.41991522914622399E+01 -15
  0.19036539387139800E-05  0.81225239635542401E+00  0.59675756787163587E+01 -15
  0.19036539387139800E-05  0.17908477591173499E+01  0.62988231405658039E+01 -15
  0.19036539387139800E-05  0.39484471953866298E+01  0.45582128626039964E+01 -15
  0.19036539387139800E-05  0.87055056329525407E+01  0.16182944326272950E+01 -15
  0.19036539387139800E-05  0.19193831036645701E+02  0.13669561280513145E+01 -15
  0.19036539387139800E-05  0.42318409222412399E+02  0.10319796417176623E+01 -15
  0.19036539387139800E-05  0.93303299153587503E+02  0.10011633856385576E+01 -15
  0.19036539387139800E-05  0.20571438749482300E+03  0.98955399891829210E+00 -15
  0.19036539387139800E-05  0.45355747981332797E+03  0.98470158051794621E+00 -15
  0.19036539387139800E-05  0.99999999999900103E+03  0.98266045473319241E+00 -15
  0.57054381479374800E-05  0.49999999999950003E-07  0.44759499352012803E+02   1
  0.57054381479374800E-05  0.11023961068942900E-06  0.44759499352012803E+02   1
  0.57054381479374800E-05  0.24305543529938201E-06  0.44759499352012803E+02   1
  0.57054381479374800E-05  0.53588673126761102E-06  0.44759499352012803E+02   1
  0.57054381479374800E-05  0.11815188925726300E-05  0.44759499352012803E+02   1
  0.57054381479374800E-05  0.26050036547908501E-05  0.44759499352012803E+02   1
  0.57054381479374800E-05  0.57434917749794303E-05  0.44759499352012803E+02   1
  0.57054381479374800E-05  0.12663205945446100E-04  0.44759499352012803E+02   1
  0.57054381479374800E-05  0.27919737870148901E-04  0.44759499352012803E+02   1
  0.57054381479374800E-05  0.61557220667184294E-04  0.44759499352012803E+02   1
  0.57054381479374800E-05  0.13572088082961000E-03  0.44759499352012803E+02   1
  0.57054381479374800E-05  0.29923634130195201E-03  0.44759499352012803E+02   1
  0.57054381479374800E-05  0.65975395538578796E-03  0.44759499352012803E+02   1
  0.57054381479374800E-05  0.14546203838522601E-02  0.44759499352012803E+02   1
  0.57054381479374800E-05  0.32071356963388501E-02  0.41943300496711970E+02 -15
  0.57054381479374800E-05  0.70710678118584098E-02  0.26952683671484682E+02 -15
  0.57054381479374800E-05  0.15590235254772100E-01  0.17791383980343987E+02 -15
  0.57054381479374800E-05  0.34373229300888299E-01  0.11843677059427387E+02 -15
  0.57054381479374800E-05  0.75785828325444199E-01  0.80515578105361438E+01 -15
  0.57054381479374800E-05  0.16709200420762499E+00  0.57023979856599469E+01 -15
  0.57054381479374800E-05  0.36840314986367101E+00  0.41991583055256996E+01 -15
  0.57054381479374800E-05  0.81225239635542401E+00  0.59675653177591155E+01 -15
  0.57054381479374800E-05  0.17908477591173499E+01  0.62987830893065251E+01 -15
  0.57054381479374800E-05  0.39484471953866298E+01  0.45581995227433421E+01 -15
  0.57054381479374800E-05  0.87055056329525407E+01  0.16182946190647334E+01 -15
  0.57054381479374800E-05  0.19193831036645701E+02  0.13669570149603458E+01 -15
  0.57054381479374800E-05  0.42318409222412399E+02  0.10319796987132712E+01 -15
  0.57054381479374800E-05  0.93303299153587503E+02  0.10011634119538404E+01 -15
  0.57054381479374800E-05  0.20571438749482300E+03  0.98955400861826492E+00 -15
  0.57054381479374800E-05  0.45355747981332797E+03  0.98470158370955818E+00 -15
  0.57054381479374800E-05  0.99999999999900103E+03  0.98266045699718652E+00 -15
  0.17099759466750001E-04  0.49999999999950003E-07  0.44759499352012803E+02   1
  0.17099759466750001E-04  0.11023961068942900E-06  0.44759499352012803E+02   1
  0.17099759466750001E-04  0.24305543529938201E-06  0.44759499352012803E+02   1
  0.17099759466750001E-04  0.53588673126761102E-06  0.44759499352012803E+02   1
  0.17099759466750001E-04  0.11815188925726300E-05  0.44759499352012803E+02   1
  0.17099759466750001E-04  0.26050036547908501E-05  0.44759499352012803E+02   1
  0.17099759466750001E-04  0.57434917749794303E-05  0.44759499352012803E+02   1
  0.17099759466750001E-04  0.12663205945446100E-04  0.44759499352012803E+02   1
  0.17099759466750001E-04  0.27919737870148901E-04  0.44759499352012803E+02   1
  0.17099759466750001E-04  0.61557220667184294E-04  0.44759499352012803E+02   1
  0.17099759466750001E-04  0.13572088082961000E-03  0.44759499352012803E+02   1
  0.17099759466750001E-04  0.29923634130195201E-03  0.44759499352012803E+02   1
  0.17099759466750001E-04  0.65975395538578796E-03  0.44759499352012803E+02   1
  0.17099759466750001E-04  0.14546203838522601E-02  0.44759499352012803E+02   1
  0.17099759466750001E-04  0.32071356963388501E-02  0.41949041480281977E+02 -15
  0.17099759466750001E-04  0.70710678118584098E-02  0.26956165496651565E+02 -15
  0.17099759466750001E-04  0.15590235254772100E-01  0.17792590061299588E+02 -15
  0.17099759466750001E-04  0.34373229300888299E-01  0.11844516371404849E+02 -15
  0.17099759466750001E-04  0.75785828325444199E-01  0.80556120361459751E+01 -15
  0.17099759466750001E-04  0.16709200420762499E+00  0.57025737703707637E+01 -15
  0.17099759466750001E-04  0.36840314986367101E+00  0.41991776922729889E+01 -15
  0.17099759466750001E-04  0.81225239635542401E+00  0.59675345472818027E+01 -15
  0.17099759466750001E-04  0.17908477591173499E+01  0.62986685804741551E+01 -15
  0.17099759466750001E-04  0.39484471953866298E+01  0.45581585630987389E+01 -15
  0.17099759466750001E-04  0.87055056329525407E+01  0.16182949258576460E+01 -15
  0.17099759466750001E-04  0.19193831036645701E+02  0.13669597317904130E+01 -15
  0.17099759466750001E-04  0.42318409222412399E+02  0.10319798622566734E+01 -15
  0.17099759466750001E-04  0.93303299153587503E+02  0.10011634819601511E+01 -15
  0.17099759466750001E-04  0.20571438749482300E+03  0.98955403701250255E+00 -15
  0.17099759466750001E-04  0.45355747981332797E+03  0.98470159896725296E+00 -15
  0.17099759466750001E-04  0.99999999999900103E+03  0.98266046381229077E+00 -15
  0.51249661505209398E-04  0.49999999999950003E-07  0.44759499352012803E+02   1
  0.51249661505209398E-04  0.11023961068942900E-06  0.44759499352012803E+02   1
  0.51249661505209398E-04  0.24305543529938201E-06  0.44759499352012803E+02   1
  0.51249661505209398E-04  0.53588673126761102E-06  0.44759499352012803E+02   1
  0.51249661505209398E-04  0.11815188925726300E-05  0.44759499352012803E+02   1
  0.51249661505209398E-04  0.26050036547908501E-05  0.44759499352012803E+02   1
  0.51249661505209398E-04  0.57434917749794303E-05  0.44759499352012803E+02   1
  0.51249661505209398E-04  0.12663205945446100E-04  0.44759499352012803E+02   1
  0.51249661505209398E-04  0.27919737870148901E-04  0.44759499352012803E+02   1
  0.51249661505209398E-04  0.61557220667184294E-04  0.44759499352012803E+02   1
  0.51249661505209398E-04  0.13572088082961000E-03  0.44759499352012803E+02   1
  0.51249661505209398E-04  0.29923634130195201E-03  0.44759499352012803E+02   1
  0.51249661505209398E-04  0.65975395538578796E-03  0.44759499352012803E+02   1
  0.51249661505209398E-04  0.14546203838522601E-02  0.44759499352012803E+02   1
  0.51249661505209398E-04  0.32071356963388501E-02  0.41965044736613670E+02 -15
  0.51249661505209398E-04  0.70710678118584098E-02  0.26963780443792970E+02 -15
  0.51249661505209398E-04  0.15590235254772100E-01  0.17797685682128201E+02 -15
  0.51249661505209398E-04  0.34373229300888299E-01  0.11847060311097987E+02 -15
  0.51249661505209398E-04  0.75785828325444199E-01  0.81821602143734538E+01 -15
  0.51249661505209398E-04  0.16709200420762499E+00  0.57035054844930322E+01 -15
  0.51249661505209398E-04  0.36840314986367101E+00  0.41992485445470482E+01 -15
  0.51249661505209398E-04  0.81225239635542401E+00  0.59674424866646767E+01 -15
  0.51249661505209398E-04  0.17908477591173499E+01  0.62983688384777805E+01 -15
  0.51249661505209398E-04  0.39484471953866298E+01  0.45584507073974994E+01 -15
  0.51249661505209398E-04  0.87055056329525407E+01  0.16182963460612949E+01 -15
  0.51249661505209398E-04  0.19193831036645701E+02  0.13669677940627232E+01 -15
  0.51249661505209398E-04  0.42318409222412399E+02  0.10319803553716698E+01 -15
  0.51249661505209398E-04  0.93303299153587503E+02  0.10011636984030554E+01 -15
  0.51249661505209398E-04  0.20571438749482300E+03  0.98955412817466182E+00 -15
  0.51249661505209398E-04  0.45355747981332797E+03  0.98470164140074767E+00 -15
  0.51249661505209398E-04  0.99999999999900103E+03  0.98266048354519597E+00 -15
  0.15360027779956500E-03  0.49999999999950003E-07  0.44759499352012803E+02   1
  0.15360027779956500E-03  0.11023961068942900E-06  0.44759499352012803E+02   1
  0.15360027779956500E-03  0.24305543529938201E-06  0.44759499352012803E+02   1
  0.15360027779956500E-03  0.53588673126761102E-06  0.44759499352012803E+02   1
  0.15360027779956500E-03  0.11815188925726300E-05  0.44759499352012803E+02   1
  0.15360027779956500E-03  0.26050036547908501E-05  0.44759499352012803E+02   1
  0.15360027779956500E-03  0.57434917749794303E-05  0.44759499352012803E+02   1
  0.15360027779956500E-03  0.12663205945446100E-04  0.44759499352012803E+02   1
  0.15360027779956500E-03  0.27919737870148901E-04  0.44759499352012803E+02   1
  0.15360027779956500E-03  0.61557220667184294E-04  0.44759499352012803E+02   1
  0.15360027779956500E-03  0.13572088082961000E-03  0.44759499352012803E+02   1
  0.15360027779956500E-03  0.29923634130195201E-03  0.44759499352012803E+02   1
  0.15360027779956500E-03  0.65975395538578796E-03  0.44759499352012803E+02   1
  0.15360027779956500E-03  0.14546203838522601E-02  0.44759499352012803E+02   1
  0.15360027779956500E-03  0.32071356963388501E-02  0.42017252977691321E+02 -15
  0.15360027779956500E-03  0.70710678118584098E-02  0.26987296307821321E+02 -15
  0.15360027779956500E-03  0.15590235254772100E-01  0.17811835197290225E+02 -15
  0.15360027779956500E-03  0.34373229300888299E-01  0.11856509204650354E+02 -15
  0.15360027779956500E-03  0.75785828325444199E-01  0.81816092959674140E+01 -15
  0.15360027779956500E-03  0.16709200420762499E+00  0.57029500941037581E+01 -15
  0.15360027779956500E-03  0.36840314986367101E+00  0.41995580642538961E+01 -15
  0.15360027779956500E-03  0.81225239635542401E+00  0.59666719705605091E+01 -15
  0.15360027779956500E-03  0.17908477591173499E+01  0.63003923670903363E+01 -15
  0.15360027779956500E-03  0.39484471953866298E+01  0.45581455062238474E+01 -15
  0.15360027779956500E-03  0.87055056329525407E+01  0.16183002387735916E+01 -15
  0.15360027779956500E-03  0.19193831036645701E+02  0.13669920697840077E+01 -15
  0.15360027779956500E-03  0.42318409222412399E+02  0.10319818066502335E+01 -15
  0.15360027779956500E-03  0.93303299153587503E+02  0.10011643393780847E+01 -15
  0.15360027779956500E-03  0.20571438749482300E+03  0.98955439383782795E+00 -15
  0.15360027779956500E-03  0.45355747981332797E+03  0.98470176597722925E+00 -15
  0.15360027779956500E-03  0.99999999999900103E+03  0.98266054282195603E+00 -15
  0.46035514473994103E-03  0.49999999999950003E-07  0.44759499352012803E+02   1
  0.46035514473994103E-03  0.11023961068942900E-06  0.44759499352012803E+02   1
  0.46035514473994103E-03  0.24305543529938201E-06  0.44759499352012803E+02   1
  0.46035514473994103E-03  0.53588673126761102E-06  0.44759499352012803E+02   1
  0.46035514473994103E-03  0.11815188925726300E-05  0.44759499352012803E+02   1
  0.46035514473994103E-03  0.26050036547908501E-05  0.44759499352012803E+02   1
  0.46035514473994103E-03  0.57434917749794303E-05  0.44759499352012803E+02   1
  0.46035514473994103E-03  0.12663205945446100E-04  0.44759499352012803E+02   1
  0.46035514473994103E-03  0.27919737870148901E-04  0.44759499352012803E+02   1
  0.46035514473994103E-03  0.61557220667184294E-04  0.44759499352012803E+02   1
  0.46035514473994103E-03  0.13572088082961000E-03  0.44759499352012803E+02   1
  0.46035514473994103E-03  0.29923634130195201E-03  0.44759499352012803E+02   1
  0.46035514473994103E-03  0.65975395538578796E-03  0.44759499352012803E+02   1
  0.46035514473994103E-03  0.14546203838522601E-02  0.44759499352012803E+02   1
  0.46035514473994103E-03  0.32071356963388501E-02  0.42160651281539792E+02 -15
  0.46035514473994103E-03  0.70710678118584098E-02  0.27066988837168068E+02 -15
  0.46035514473994103E-03  0.15590235254772100E-01  0.17858362530740617E+02 -15
  0.46035514473994103E-03  0.34373229300888299E-01  0.11882759483770094E+02 -15
  0.46035514473994103E-03  0.75785828325444199E-01  0.81825296008191533E+01 -15
  0.46035514473994103E-03  0.16709200420762499E+00  0.57051770570972424E+01 -15
  0.46035514473994103E-03  0.36840314986367101E+00  0.42029828299678291E+01 -15
  0.46035514473994103E-03  0.81225239635542401E+00  0.59659610488572890E+01 -15
  0.46035514473994103E-03  0.17908477591173499E+01  0.62980852490326642E+01 -15
  0.46035514473994103E-03  0.39484471953866298E+01  0.45582126413281374E+01 -15
  0.46035514473994103E-03  0.87055056329525407E+01  0.16183113327587713E+01 -15
  0.46035514473994103E-03  0.19193831036645701E+02  0.13658086053042013E+01 -15
  0.46035514473994103E-03  0.42318409222412399E+02  0.10319862138591871E+01 -15
  0.46035514473994103E-03  0.93303299153587503E+02  0.10011662754195207E+01 -15
  0.46035514473994103E-03  0.20571438749482300E+03  0.98955520083459902E+00 -15
  0.46035514473994103E-03  0.45355747981332797E+03  0.98470214540991285E+00 -15
  0.46035514473994103E-03  0.99999999999900103E+03  0.98266072229951962E+00 -15
  0.13797296614598399E-02  0.49999999999950003E-07  0.44759499352012803E+02   1
  0.13797296614598399E-02  0.11023961068942900E-06  0.44759499352012803E+02   1
  0.13797296614598399E-02  0.24305543529938201E-06  0.44759499352012803E+02   1
  0.13797296614598399E-02  0.53588673126761102E-06  0.44759499352012803E+02   1
  0.13797296614598399E-02  0.11815188925726300E-05  0.44759499352012803E+02   1
  0.13797296614598399E-02  0.26050036547908501E-05  0.44759499352012803E+02   1
  0.13797296614598399E-02  0.57434917749794303E-05  0.44759499352012803E+02   1
  0.13797296614598399E-02  0.12663205945446100E-04  0.44759499352012803E+02   1
  0.13797296614598399E-02  0.27919737870148901E-04  0.44759499352012803E+02   1
  0.13797296614598399E-02  0.61557220667184294E-04  0.44759499352012803E+02   1
  0.13797296614598399E-02  0.13572088082961000E-03  0.44759499352012803E+02   1
  0.13797296614598399E-02  0.29923634130195201E-03  0.44759499352012803E+02   1
  0.13797296614598399E-02  0.65975395538578796E-03  0.44759499352012803E+02   1
  0.13797296614598399E-02  0.14546203838522601E-02  0.44759499352012803E+02   1
  0.13797296614598399E-02  0.32071356963388501E-02  0.42631457575362752E+02 -15
  0.13797296614598399E-02  0.70710678118584098E-02  0.27354739962593559E+02 -15
  0.13797296614598399E-02  0.15590235254772100E-01  0.18115974707099252E+02 -15
  0.13797296614598399E-02  0.34373229300888299E-01  0.11956127203389247E+02 -15
  0.13797296614598399E-02  0.75785828325444199E-01  0.81873768007599086E+01 -15
  0.13797296614598399E-02  0.16709200420762499E+00  0.57076354888208316E+01 -15
  0.13797296614598399E-02  0.36840314986367101E+00  0.82876453715933653E+01 -15
  0.13797296614598399E-02  0.81225239635542401E+00  0.59642600901503595E+01 -15
  0.13797296614598399E-02  0.17908477591173499E+01  0.62976866889301562E+01 -15
  0.13797296614598399E-02  0.39484471953866298E+01  0.45576828430196388E+01 -15
  0.13797296614598399E-02  0.87055056329525407E+01  0.16165738958114206E+01 -15
  0.13797296614598399E-02  0.19193831036645701E+02  0.13660268708501950E+01 -15
  0.13797296614598399E-02  0.42318409222412399E+02  0.10319994202075609E+01 -15
  0.13797296614598399E-02  0.93303299153587503E+02  0.10011720743066408E+01 -15
  0.13797296614598399E-02  0.20571438749482300E+03  0.98955761916868501E+00 -15
  0.13797296614598399E-02  0.45355747981332797E+03  0.98470328232931492E+00 -15
  0.13797296614598399E-02  0.99999999999900103E+03  0.98266126155684508E+00 -15
  0.41351855419960301E-02  0.49999999999950003E-07  0.44759499352012803E+02   1
  0.41351855419960301E-02  0.11023961068942900E-06  0.44759499352012803E+02   1
  0.41351855419960301E-02  0.24305543529938201E-06  0.44759499352012803E+02   1
  0.41351855419960301E-02  0.53588673126761102E-06  0.44759499352012803E+02   1
  0.41351855419960301E-02  0.11815188925726300E-05  0.44759499352012803E+02   1
  0.41351855419960301E-02  0.26050036547908501E-05  0.44759499352012803E+02   1
  0.41351855419960301E-02  0.57434917749794303E-05  0.44759499352012803E+02   1
  0.41351855419960301E-02  0.12663205945446100E-04  0.44759499352012803E+02   1
  0.41351855419960301E-02  0.27919737870148901E-04  0.44759499352012803E+02   1
  0.41351855419960301E-02  0.61557220667184294E-04  0.44759499352012803E+02   1
  0.41351855419960301E-02  0.13572088082961000E-03  0.44759499352012803E+02   1
  0.41351855419960301E-02  0.29923634130195201E-03  0.44759499352012803E+02   1
  0.41351855419960301E-02  0.65975395538578796E-03  0.44759499352012803E+02   1
  0.41351855419960301E-02  0.14546203838522601E-02  0.44759499352012803E+02   1
  0.41351855419960301E-02  0.32071356963388501E-02  0.44759499352012803E+02   1
  0.41351855419960301E-02  0.70710678118584098E-02  0.44759499352012803E+02   1
  0.41351855419960301E-02  0.15590235254772100E-01  0.18338511431949524E+02 -15
  0.41351855419960301E-02  0.34373229300888299E-01  0.12162960340396072E+02 -15
  0.41351855419960301E-02  0.75785828325444199E-01  0.82150639898798890E+01 -15
  0.41351855419960301E-02  0.16709200420762499E+00  0.57236033074182489E+01 -15
  0.41351855419960301E-02  0.36840314986367101E+00  0.82847421514855828E+01 -15
  0.41351855419960301E-02  0.81225239635542401E+00  0.59580766434696777E+01 -15
  0.41351855419960301E-02  0.17908477591173499E+01  0.62923935878406958E+01 -15
  0.41351855419960301E-02  0.39484471953866298E+01  0.32694173919510430E+01 -15
  0.41351855419960301E-02  0.87055056329525407E+01  0.16130907584286562E+01 -15
  0.41351855419960301E-02  0.19193831036645701E+02  0.13654290014243295E+01 -15
  0.41351855419960301E-02  0.42318409222412399E+02  0.10320391953582211E+01 -15
  0.41351855419960301E-02  0.93303299153587503E+02  0.10011895456039446E+01 -15
  0.41351855419960301E-02  0.20571438749482300E+03  0.98956489953621407E+00 -15
  0.41351855419960301E-02  0.45355747981332797E+03  0.98470670429673812E+00 -15
  0.41351855419960301E-02  0.99999999999900103E+03  0.98266288625236209E+00 -15
  0.12393557915280500E-01  0.49999999999950003E-07  0.44759499352012803E+02   1
  0.12393557915280500E-01  0.11023961068942900E-06  0.44759499352012803E+02   1
  0.12393557915280500E-01  0.24305543529938201E-06  0.44759499352012803E+02   1
  0.12393557915280500E-01  0.53588673126761102E-06  0.44759499352012803E+02   1
  0.12393557915280500E-01  0.11815188925726300E-05  0.44759499352012803E+02   1
  0.12393557915280500E-01  0.26050036547908501E-05  0.44759499352012803E+02   1
  0.12393557915280500E-01  0.57434917749794303E-05  0.44759499352012803E+02   1
  0.12393557915280500E-01  0.12663205945446100E-04  0.44759499352012803E+02   1
  0.12393557915280500E-01  0.27919737870148901E-04  0.44759499352012803E+02   1
  0.12393557915280500E-01  0.61557220667184294E-04  0.44759499352012803E+02   1
  0.12393557915280500E-01  0.13572088082961000E-03  0.44759499352012803E+02   1
  0.12393557915280500E-01  0.29923634130195201E-03  0.44759499352012803E+02   1
  0.12393557915280500E-01  0.65975395538578796E-03  0.44759499352012803E+02   1
  0.12393557915280500E-01  0.14546203838522601E-02  0.44759499352012803E+02   1
  0.12393557915280500E-01  0.32071356963388501E-02  0.44759499352012803E+02   1
  0.12393557915280500E-01  0.70710678118584098E-02  0.44759499352012803E+02   1
  0.12393557915280500E-01  0.15590235254772100E-01  0.44759499352012803E+02   1
  0.12393557915280500E-01  0.34373229300888299E-01  0.44759499352012803E+02   1
  0.12393557915280500E-01  0.75785828325444199E-01  0.17250313637986331E+02 -15
  0.12393557915280500E-01  0.16709200420762499E+00  0.11803676231931435E+02 -15
  0.12393557915280500E-01  0.36840314986367101E+00  0.82793371187614415E+01 -15
  0.12393557915280500E-01  0.81225239635542401E+00  0.59415779108849156E+01 -15
  0.12393557915280500E-01  0.17908477591173499E+01  0.43584548386481119E+01 -15
  0.12393557915280500E-01  0.39484471953866298E+01  0.32464054753910561E+01 -15
  0.12393557915280500E-01  0.87055056329525407E+01  0.16040926311690349E+01 -15
  0.12393557915280500E-01  0.19193831036645701E+02  0.13649125859550910E+01 -15
  0.12393557915280500E-01  0.42318409222412399E+02  0.10310898763167919E+01 -15
  0.12393557915280500E-01  0.93303299153587503E+02  0.10006407328453886E+01 -15
  0.12393557915280500E-01  0.20571438749482300E+03  0.98958705331622165E+00 -15
  0.12393557915280500E-01  0.45355747981332797E+03  0.98471711494408420E+00 -15
  0.12393557915280500E-01  0.99999999999900103E+03  0.98253350380247395E+00 -15
  0.37144712429341503E-01  0.49999999999950003E-07  0.44759499352012803E+02   1
  0.37144712429341503E-01  0.11023961068942900E-06  0.44759499352012803E+02   1
  0.37144712429341503E-01  0.24305543529938201E-06  0.44759499352012803E+02   1
  0.37144712429341503E-01  0.53588673126761102E-06  0.44759499352012803E+02   1
  0.37144712429341503E-01  0.11815188925726300E-05  0.44759499352012803E+02   1
  0.37144712429341503E-01  0.26050036547908501E-05  0.44759499352012803E+02   1
  0.37144712429341503E-01  0.57434917749794303E-05  0.44759499352012803E+02   1
  0.37144712429341503E-01  0.12663205945446100E-04  0.44759499352012803E+02   1
  0.37144712429341503E-01  0.27919737870148901E-04  0.44759499352012803E+02   1
  0.37144712429341503E-01  0.61557220667184294E-04  0.44759499352012803E+02   1
  0.37144712429341503E-01  0.13572088082961000E-03  0.44759499352012803E+02   1
  0.37144712429341503E-01  0.29923634130195201E-03  0.44759499352012803E+02   1
  0.37144712429341503E-01  0.65975395538578796E-03  0.44759499352012803E+02   1
  0.37144712429341503E-01  0.14546203838522601E-02  0.44759499352012803E+02   1
  0.37144712429341503E-01  0.32071356963388501E-02  0.44759499352012803E+02   1
  0.37144712429341503E-01  0.70710678118584098E-02  0.44759499352012803E+02   1
  0.37144712429341503E-01  0.15590235254772100E-01  0.44759499352012803E+02   1
  0.37144712429341503E-01  0.34373229300888299E-01  0.44759499352012803E+02   1
  0.37144712429341503E-01  0.75785828325444199E-01  0.44759499352012803E+02   1
  0.37144712429341503E-01  0.16709200420762499E+00  0.18041945897076417E+02 -15
  0.37144712429341503E-01  0.36840314986367101E+00  0.82839797019258672E+01 -15
  0.37144712429341503E-01  0.81225239635542401E+00  0.59041601155884083E+01 -15
  0.37144712429341503E-01  0.17908477591173499E+01  0.43167037554478824E+01 -15
  0.37144712429341503E-01  0.39484471953866298E+01  0.32211903586522812E+01 -15
  0.37144712429341503E-01  0.87055056329525407E+01  0.15909936235767066E+01 -15
  0.37144712429341503E-01  0.19193831036645701E+02  0.13635303150877793E+01 -15
  0.37144712429341503E-01  0.42318409222412399E+02  0.10282658898913948E+01 -15
  0.37144712429341503E-01  0.93303299153587503E+02  0.10001973765834395E+01 -15
  0.37144712429341503E-01  0.20571438749482300E+03  0.98929582774342306E+00 -15
  0.37144712429341503E-01  0.45355747981332797E+03  0.98453057333481797E+00 -15
  0.37144712429341503E-01  0.99999999999900103E+03  0.98254755922109560E+00 -15
  0.11132635768437001E+00  0.49999999999950003E-07  0.44759499352012803E+02   1
  0.11132635768437001E+00  0.11023961068942900E-06  0.44759499352012803E+02   1
  0.11132635768437001E+00  0.24305543529938201E-06  0.44759499352012803E+02   1
  0.11132635768437001E+00  0.53588673126761102E-06  0.44759499352012803E+02   1
  0.11132635768437001E+00  0.11815188925726300E-05  0.44759499352012803E+02   1
  0.11132635768437001E+00  0.26050036547908501E-05  0.44759499352012803E+02   1
  0.11132635768437001E+00  0.57434917749794303E-05  0.44759499352012803E+02   1
  0.11132635768437001E+00  0.12663205945446100E-04  0.44759499352012803E+02   1
  0.11132635768437001E+00  0.27919737870148901E-04  0.44759499352012803E+02   1
  0.11132635768437001E+00  0.61557220667184294E-04  0.44759499352012803E+02   1
  0.11132635768437001E+00  0.13572088082961000E-03  0.44759499352012803E+02   1
  0.11132635768437001E+00  0.29923634130195201E-03  0.44759499352012803E+02   1
  0.11132635768437001E+00  0.65975395538578796E-03  0.44759499352012803E+02   1
  0.11132635768437001E+00  0.14546203838522601E-02  0.44759499352012803E+02   1
  0.11132635768437001E+00  0.32071356963388501E-02  0.44759499352012803E+02   1
  0.11132635768437001E+00  0.70710678118584098E-02  0.44759499352012803E+02   1
  0.11132635768437001E+00  0.15590235254772100E-01  0.44759499352012803E+02   1
  0.11132635768437001E+00  0.34373229300888299E-01  0.44759499352012803E+02   1
  0.11132635768437001E+00  0.75785828325444199E-01  0.44759499352012803E+02   1
  0.11132635768437001E+00  0.16709200420762499E+00  0.44759499352012803E+02   1
  0.11132635768437001E+00  0.36840314986367101E+00  0.16606166550224994E+02 -15
  0.11132635768437001E+00  0.81225239635542401E+00  0.58408140311165990E+01 -15
  0.11132635768437001E+00  0.17908477591173499E+01  0.23878609494756842E+01 -15
  0.11132635768437001E+00  0.39484471953866298E+01  0.18882330655967654E+01 -15
  0.11132635768437001E+00  0.87055056329525407E+01  0.15721237053664916E+01 -15
  0.11132635768437001E+00  0.19193831036645701E+02  0.11088134313633060E+01 -15
  0.11132635768437001E+00  0.42318409222412399E+02  0.10230708540870026E+01 -15
  0.11132635768437001E+00  0.93303299153587503E+02  0.99827291763553516E+00 -15
  0.11132635768437001E+00  0.20571438749482300E+03  0.98842095842717570E+00 -15
  0.11132635768437001E+00  0.45355747981332797E+03  0.98418826250248193E+00 -15
  0.11132635768437001E+00  0.99999999999900103E+03  0.98232092610519661E+00 -15
  0.33365604697691198E+00  0.49999999999950003E-07  0.44759499352012803E+02   1
  0.33365604697691198E+00  0.11023961068942900E-06  0.44759499352012803E+02   1
  0.33365604697691198E+00  0.24305543529938201E-06  0.44759499352012803E+02   1
  0.33365604697691198E+00  0.53588673126761102E-06  0.44759499352012803E+02   1
  0.33365604697691198E+00  0.11815188925726300E-05  0.44759499352012803E+02   1
  0.33365604697691198E+00  0.26050036547908501E-05  0.44759499352012803E+02   1
  0.33365604697691198E+00  0.57434917749794303E-05  0.44759499352012803E+02   1
  0.33365604697691198E+00  0.12663205945446100E-04  0.44759499352012803E+02   1
  0.33365604697691198E+00  0.27919737870148901E-04  0.44759499352012803E+02   1
  0.33365604697691198E+00  0.61557220667184294E-04  0.44759499352012803E+02   1
  0.33365604697691198E+00  0.13572088082961000E-03  0.44759499352012803E+02   1
  0.33365604697691198E+00  0.29923634130195201E-03  0.44759499352012803E+02   1
  0.33365604697691198E+00  0.65975395538578796E-03  0.44759499352012803E+02   1
  0.33365604697691198E+00  0.14546203838522601E-02  0.44759499352012803E+02   1
  0.33365604697691198E+00  0.32071356963388501E-02  0.44759499352012803E+02   1
  0.33365604697691198E+00  0.70710678118584098E-02  0.44759499352012803E+02   1
  0.33365604697691198E+00  0.15590235254772100E-01  0.44759499352012803E+02   1
  0.33365604697691198E+00  0.34373229300888299E-01  0.44759499352012803E+02   1
  0.33365604697691198E+00  0.75785828325444199E-01  0.44759499352012803E+02   1
  0.33365604697691198E+00  0.16709200420762499E+00  0.44759499352012803E+02   1
  0.33365604697691198E+00  0.36840314986367101E+00  0.44759499352012803E+02   1
  0.33365604697691198E+00  0.81225239635542401E+00  0.11835730259103553E+02 -15
  0.33365604697691198E+00  0.17908477591173499E+01  0.42408310449088615E+01 -15
  0.33365604697691198E+00  0.39484471953866298E+01  0.18310382055308148E+01 -15
  0.33365604697691198E+00  0.87055056329525407E+01  0.12744485613727514E+01 -15
  0.33365604697691198E+00  0.19193831036645701E+02  0.10598811100418559E+01 -15
  0.33365604697691198E+00  0.42318409222412399E+02  0.10129708449757262E+01 -15
  0.33365604697691198E+00  0.93303299153587503E+02  0.99429912801218046E+00 -15
  0.33365604697691198E+00  0.20571438749482300E+03  0.98686625396177119E+00 -15
  0.33365604697691198E+00  0.45355747981332797E+03  0.98362509905759210E+00 -15
  0.33365604697691198E+00  0.99999999999900103E+03  0.98204442676959447E+00 -15
  0.99999999999900802E+00  0.49999999999950003E-07  0.44759499352012803E+02   1
  0.99999999999900802E+00  0.11023961068942900E-06  0.44759499352012803E+02   1
  0.99999999999900802E+00  0.24305543529938201E-06  0.44759499352012803E+02   1
  0.99999999999900802E+00  0.53588673126761102E-06  0.44759499352012803E+02   1
  0.99999999999900802E+00  0.11815188925726300E-05  0.44759499352012803E+02   1
  0.99999999999900802E+00  0.26050036547908501E-05  0.44759499352012803E+02   1
  0.99999999999900802E+00  0.57434917749794303E-05  0.44759499352012803E+02   1
  0.99999999999900802E+00  0.12663205945446100E-04  0.44759499352012803E+02   1
  0.99999999999900802E+00  0.27919737870148901E-04  0.44759499352012803E+02   1
  0.99999999999900802E+00  0.61557220667184294E-04  0.44759499352012803E+02   1
  0.99999999999900802E+00  0.13572088082961000E-03  0.44759499352012803E+02   1
  0.99999999999900802E+00  0.29923634130195201E-03  0.44759499352012803E+02   1
  0.99999999999900802E+00  0.65975395538578796E-03  0.44759499352012803E+02   1
  0.99999999999900802E+00  0.14546203838522601E-02  0.44759499352012803E+02   1
  0.99999999999900802E+00  0.32071356963388501E-02  0.44759499352012803E+02   1
  0.99999999999900802E+00  0.70710678118584098E-02  0.44759499352012803E+02   1
  0.99999999999900802E+00  0.15590235254772100E-01  0.44759499352012803E+02   1
  0.99999999999900802E+00  0.34373229300888299E-01  0.44759499352012803E+02   1
  0.99999999999900802E+00  0.75785828325444199E-01  0.44759499352012803E+02   1
  0.99999999999900802E+00  0.16709200420762499E+00  0.44759499352012803E+02   1
  0.99999999999900802E+00  0.36840314986367101E+00  0.44759499352012803E+02   1
  0.99999999999900802E+00  0.81225239635542401E+00  0.44759499352012803E+02   1
  0.99999999999900802E+00  0.17908477591173499E+01  0.44759499352012803E+02   1
  0.99999999999900802E+00  0.39484471953866298E+01  0.44759499352012803E+02   1
  0.99999999999900802E+00  0.87055056329525407E+01  0.10906503903151532E+01 -15
  0.99999999999900802E+00  0.19193831036645701E+02  0.10222648322090628E+01 -15
  0.99999999999900802E+00  0.42318409222412399E+02  0.99848129698266108E+00 -15
  0.99999999999900802E+00  0.93303299153587503E+02  0.98886593952399660E+00 -15
  0.99999999999900802E+00  0.20571438749482300E+03  0.98459961939781993E+00 -15
  0.99999999999900802E+00  0.45355747981332797E+03  0.98286321768524754E+00 -15
  0.99999999999900802E+00  0.99999999999900103E+03  0.98178443567029550E+00 -15
