  0.49999999999950002E-14  0.49999999999950003E-07  0.44759499352012803E+02   1
  0.49999999999950002E-14  0.13002339576061801E-06  0.44759499352012803E+02   1
  0.49999999999950002E-14  0.33812166890278299E-06  0.44759499352012803E+02   1
  0.49999999999950002E-14  0.87927455142062005E-06  0.44759499352012803E+02   1
  0.49999999999950002E-14  0.22865252596343399E-05  0.44759499352012803E+02   1
  0.49999999999950002E-14  0.59460355750076600E-05  0.44759499352012803E+02   1
  0.49999999999950002E-14  0.15462474735534099E-04  0.44759499352012803E+02   1
  0.49999999999950002E-14  0.40209669439578303E-04  0.44759499352012803E+02   1
  0.49999999999950002E-14  0.10456395525902300E-03  0.44759499352012803E+02   1
  0.49999999999950002E-14  0.27191521073906098E-03  0.44759499352012803E+02   1
  0.49999999999950002E-14  0.70710678118584105E-03  0.44759499352012803E+02   1
  0.49999999999950002E-14  0.18388084971047000E-02  0.44759499352012803E+02   1
  0.49999999999950002E-14  0.47817624989453999E-02  0.33298513080150094E+02 -15
  0.49999999999950002E-14  0.12434819956685600E-01  0.20018660563029815E+02 -15
  0.49999999999950002E-14  0.32336350328835500E-01  0.12215596861917925E+02 -15
  0.49999999999950002E-14  0.84089641525287404E-01  0.77861047885805057E+01 -15
  0.49999999999950002E-14  0.21867241478843699E+00  0.50962976396443045E+01 -15
  0.49999999999950002E-14  0.56865059859990696E+00  0.69020646616946255E+01 -15
  0.49999999999950002E-14  0.14787576366268400E+01  0.68258313399941830E+01 -15
  0.49999999999950002E-14  0.38454617884271798E+01  0.46082396285974028E+01 -15
  0.49999999999950002E-14  0.99999999999900009E+01  0.15594397207687090E+01 -15
  0.25943078162544501E-13  0.49999999999950003E-07  0.44759499352012803E+02   1
  0.25943078162544501E-13  0.13002339576061801E-06  0.44759499352012803E+02   1
  0.25943078162544501E-13  0.33812166890278299E-06  0.44759499352012803E+02   1
  0.25943078162544501E-13  0.87927455142062005E-06  0.44759499352012803E+02   1
  0.25943078162544501E-13  0.22865252596343399E-05  0.44759499352012803E+02   1
  0.25943078162544501E-13  0.59460355750076600E-05  0.44759499352012803E+02   1
  0.25943078162544501E-13  0.15462474735534099E-04  0.44759499352012803E+02   1
  0.25943078162544501E-13  0.40209669439578303E-04  0.44759499352012803E+02   1
  0.25943078162544501E-13  0.10456395525902300E-03  0.44759499352012803E+02   1
  0.25943078162544501E-13  0.27191521073906098E-03  0.44759499352012803E+02   1
  0.25943078162544501E-13  0.70710678118584105E-03  0.44759499352012803E+02   1
  0.25943078162544501E-13  0.18388084971047000E-02  0.44759499352012803E+02   1
  0.25943078162544501E-13  0.47817624989453999E-02  0.33298513079773450E+02 -15
  0.25943078162544501E-13  0.12434819956685600E-01  0.20018660558260116E+02 -15
  0.25943078162544501E-13  0.32336350328835500E-01  0.12215596866978393E+02 -15
  0.25943078162544501E-13  0.84089641525287404E-01  0.77861047845860343E+01 -15
  0.25943078162544501E-13  0.21867241478843699E+00  0.50962976636655926E+01 -15
  0.25943078162544501E-13  0.56865059859990696E+00  0.69020646206223981E+01 -15
  0.25943078162544501E-13  0.14787576366268400E+01  0.68258315556653120E+01 -15
  0.25943078162544501E-13  0.38454617884271798E+01  0.46082398564554907E+01 -15
  0.25943078162544501E-13  0.99999999999900009E+01  0.15594397226931922E+01 -15
  0.13460866090971299E-12  0.49999999999950003E-07  0.44759499352012803E+02   1
  0.13460866090971299E-12  0.13002339576061801E-06  0.44759499352012803E+02   1
  0.13460866090971299E-12  0.33812166890278299E-06  0.44759499352012803E+02   1
  0.13460866090971299E-12  0.87927455142062005E-06  0.44759499352012803E+02   1
  0.13460866090971299E-12  0.22865252596343399E-05  0.44759499352012803E+02   1
  0.13460866090971299E-12  0.59460355750076600E-05  0.44759499352012803E+02   1
  0.13460866090971299E-12  0.15462474735534099E-04  0.44759499352012803E+02   1
  0.13460866090971299E-12  0.40209669439578303E-04  0.44759499352012803E+02   1
  0.13460866090971299E-12  0.10456395525902300E-03  0.44759499352012803E+02   1
  0.13460866090971299E-12  0.27191521073906098E-03  0.44759499352012803E+02   1
  0.13460866090971299E-12  0.70710678118584105E-03  0.44759499352012803E+02   1
  0.13460866090971299E-12  0.18388084971047000E-02  0.44759499352012803E+02   1
  0.13460866090971299E-12  0.47817624989453999E-02  0.33298513080657663E+02 -15
  0.13460866090971299E-12  0.12434819956685600E-01  0.20018660561479813E+02 -15
  0.13460866090971299E-12  0.32336350328835500E-01  0.12215596866053566E+02 -15
  0.13460866090971299E-12  0.84089641525287404E-01  0.77861047925401738E+01 -15
  0.13460866090971299E-12  0.21867241478843699E+00  0.50962976352817222E+01 -15
  0.13460866090971299E-12  0.56865059859990696E+00  0.69020646607559932E+01 -15
  0.13460866090971299E-12  0.14787576366268400E+01  0.68258313399950410E+01 -15
  0.13460866090971299E-12  0.38454617884271798E+01  0.46082396394229299E+01 -15
  0.13460866090971299E-12  0.99999999999900009E+01  0.15594397374586753E+01 -15
  0.69843260226792605E-12  0.49999999999950003E-07  0.44759499352012803E+02   1
  0.69843260226792605E-12  0.13002339576061801E-06  0.44759499352012803E+02   1
  0.69843260226792605E-12  0.33812166890278299E-06  0.44759499352012803E+02   1
  0.69843260226792605E-12  0.87927455142062005E-06  0.44759499352012803E+02   1
  0.69843260226792605E-12  0.22865252596343399E-05  0.44759499352012803E+02   1
  0.69843260226792605E-12  0.59460355750076600E-05  0.44759499352012803E+02   1
  0.69843260226792605E-12  0.15462474735534099E-04  0.44759499352012803E+02   1
  0.69843260226792605E-12  0.40209669439578303E-04  0.44759499352012803E+02   1
  0.69843260226792605E-12  0.10456395525902300E-03  0.44759499352012803E+02   1
  0.69843260226792605E-12  0.27191521073906098E-03  0.44759499352012803E+02   1
  0.69843260226792605E-12  0.70710678118584105E-03  0.44759499352012803E+02   1
  0.69843260226792605E-12  0.18388084971047000E-02  0.44759499352012803E+02   1
  0.69843260226792605E-12  0.47817624989453999E-02  0.33298513081708172E+02 -15
  0.69843260226792605E-12  0.12434819956685600E-01  0.20018660562012425E+02 -15
  0.69843260226792605E-12  0.32336350328835500E-01  0.12215596858877099E+02 -15
  0.69843260226792605E-12  0.84089641525287404E-01  0.77861047889023958E+01 -15
  0.69843260226792605E-12  0.21867241478843699E+00  0.50962977365154885E+01 -15
  0.69843260226792605E-12  0.56865059859990696E+00  0.69020647247504705E+01 -15
  0.69843260226792605E-12  0.14787576366268400E+01  0.68258308271750030E+01 -15
  0.69843260226792605E-12  0.38454617884271798E+01  0.46082398292781255E+01 -15
  0.69843260226792605E-12  0.99999999999900009E+01  0.15594397245305627E+01 -15
  0.36238983183848599E-11  0.49999999999950003E-07  0.44759499352012803E+02   1
  0.36238983183848599E-11  0.13002339576061801E-06  0.44759499352012803E+02   1
  0.36238983183848599E-11  0.33812166890278299E-06  0.44759499352012803E+02   1
  0.36238983183848599E-11  0.87927455142062005E-06  0.44759499352012803E+02   1
  0.36238983183848599E-11  0.22865252596343399E-05  0.44759499352012803E+02   1
  0.36238983183848599E-11  0.59460355750076600E-05  0.44759499352012803E+02   1
  0.36238983183848599E-11  0.15462474735534099E-04  0.44759499352012803E+02   1
  0.36238983183848599E-11  0.40209669439578303E-04  0.44759499352012803E+02   1
  0.36238983183848599E-11  0.10456395525902300E-03  0.44759499352012803E+02   1
  0.36238983183848599E-11  0.27191521073906098E-03  0.44759499352012803E+02   1
  0.36238983183848599E-11  0.70710678118584105E-03  0.44759499352012803E+02   1
  0.36238983183848599E-11  0.18388084971047000E-02  0.44759499352012803E+02   1
  0.36238983183848599E-11  0.47817624989453999E-02  0.33298513080467224E+02 -15
  0.36238983183848599E-11  0.12434819956685600E-01  0.20018660559408037E+02 -15
  0.36238983183848599E-11  0.32336350328835500E-01  0.12215596863354177E+02 -15
  0.36238983183848599E-11  0.84089641525287404E-01  0.77861047996703379E+01 -15
  0.36238983183848599E-11  0.21867241478843699E+00  0.50962976984322239E+01 -15
  0.36238983183848599E-11  0.56865059859990696E+00  0.69020646985741205E+01 -15
  0.36238983183848599E-11  0.14787576366268400E+01  0.68258313725036457E+01 -15
  0.36238983183848599E-11  0.38454617884271798E+01  0.46082398042824924E+01 -15
  0.36238983183848599E-11  0.99999999999900009E+01  0.15594397948350216E+01 -15
  0.18803015465413199E-10  0.49999999999950003E-07  0.44759499352012803E+02   1
  0.18803015465413199E-10  0.13002339576061801E-06  0.44759499352012803E+02   1
  0.18803015465413199E-10  0.33812166890278299E-06  0.44759499352012803E+02   1
  0.18803015465413199E-10  0.87927455142062005E-06  0.44759499352012803E+02   1
  0.18803015465413199E-10  0.22865252596343399E-05  0.44759499352012803E+02   1
  0.18803015465413199E-10  0.59460355750076600E-05  0.44759499352012803E+02   1
  0.18803015465413199E-10  0.15462474735534099E-04  0.44759499352012803E+02   1
  0.18803015465413199E-10  0.40209669439578303E-04  0.44759499352012803E+02   1
  0.18803015465413199E-10  0.10456395525902300E-03  0.44759499352012803E+02   1
  0.18803015465413199E-10  0.27191521073906098E-03  0.44759499352012803E+02   1
  0.18803015465413199E-10  0.70710678118584105E-03  0.44759499352012803E+02   1
  0.18803015465413199E-10  0.18388084971047000E-02  0.44759499352012803E+02   1
  0.18803015465413199E-10  0.47817624989453999E-02  0.33298513085152720E+02 -15
  0.18803015465413199E-10  0.12434819956685600E-01  0.20018660559360878E+02 -15
  0.18803015465413199E-10  0.32336350328835500E-01  0.12215596858488329E+02 -15
  0.18803015465413199E-10  0.84089641525287404E-01  0.77861047879307952E+01 -15
  0.18803015465413199E-10  0.21867241478843699E+00  0.50962976520492580E+01 -15
  0.18803015465413199E-10  0.56865059859990696E+00  0.69020647843651046E+01 -15
  0.18803015465413199E-10  0.14787576366268400E+01  0.68258317720478088E+01 -15
  0.18803015465413199E-10  0.38454617884271798E+01  0.46082399019249767E+01 -15
  0.18803015465413199E-10  0.99999999999900009E+01  0.15594396513315054E+01 -15
  0.97561619982247103E-10  0.49999999999950003E-07  0.44759499352012803E+02   1
  0.97561619982247103E-10  0.13002339576061801E-06  0.44759499352012803E+02   1
  0.97561619982247103E-10  0.33812166890278299E-06  0.44759499352012803E+02   1
  0.97561619982247103E-10  0.87927455142062005E-06  0.44759499352012803E+02   1
  0.97561619982247103E-10  0.22865252596343399E-05  0.44759499352012803E+02   1
  0.97561619982247103E-10  0.59460355750076600E-05  0.44759499352012803E+02   1
  0.97561619982247103E-10  0.15462474735534099E-04  0.44759499352012803E+02   1
  0.97561619982247103E-10  0.40209669439578303E-04  0.44759499352012803E+02   1
  0.97561619982247103E-10  0.10456395525902300E-03  0.44759499352012803E+02   1
  0.97561619982247103E-10  0.27191521073906098E-03  0.44759499352012803E+02   1
  0.97561619982247103E-10  0.70710678118584105E-03  0.44759499352012803E+02   1
  0.97561619982247103E-10  0.18388084971047000E-02  0.44759499352012803E+02   1
  0.97561619982247103E-10  0.47817624989453999E-02  0.33298513104088549E+02 -15
  0.97561619982247103E-10  0.12434819956685600E-01  0.20018660573441394E+02 -15
  0.97561619982247103E-10  0.32336350328835500E-01  0.12215596868875734E+02 -15
  0.97561619982247103E-10  0.84089641525287404E-01  0.77861047914129964E+01 -15
  0.97561619982247103E-10  0.21867241478843699E+00  0.50962976874609351E+01 -15
  0.97561619982247103E-10  0.56865059859990696E+00  0.69020646620052890E+01 -15
  0.97561619982247103E-10  0.14787576366268400E+01  0.68258302756364442E+01 -15
  0.97561619982247103E-10  0.38454617884271798E+01  0.46082399332222241E+01 -15
  0.97561619982247103E-10  0.99999999999900009E+01  0.15594396435206108E+01 -15
  0.50620974657328600E-09  0.49999999999950003E-07  0.44759499352012803E+02   1
  0.50620974657328600E-09  0.13002339576061801E-06  0.44759499352012803E+02   1
  0.50620974657328600E-09  0.33812166890278299E-06  0.44759499352012803E+02   1
  0.50620974657328600E-09  0.87927455142062005E-06  0.44759499352012803E+02   1
  0.50620974657328600E-09  0.22865252596343399E-05  0.44759499352012803E+02   1
  0.50620974657328600E-09  0.59460355750076600E-05  0.44759499352012803E+02   1
  0.50620974657328600E-09  0.15462474735534099E-04  0.44759499352012803E+02   1
  0.50620974657328600E-09  0.40209669439578303E-04  0.44759499352012803E+02   1
  0.50620974657328600E-09  0.10456395525902300E-03  0.44759499352012803E+02   1
  0.50620974657328600E-09  0.27191521073906098E-03  0.44759499352012803E+02   1
  0.50620974657328600E-09  0.70710678118584105E-03  0.44759499352012803E+02   1
  0.50620974657328600E-09  0.18388084971047000E-02  0.44759499352012803E+02   1
  0.50620974657328600E-09  0.47817624989453999E-02  0.33298513201421244E+02 -15
  0.50620974657328600E-09  0.12434819956685600E-01  0.20018660623688692E+02 -15
  0.50620974657328600E-09  0.32336350328835500E-01  0.12215596901896784E+02 -15
  0.50620974657328600E-09  0.84089641525287404E-01  0.77861048081425848E+01 -15
  0.50620974657328600E-09  0.21867241478843699E+00  0.50962976379486804E+01 -15
  0.50620974657328600E-09  0.56865059859990696E+00  0.69020647207902073E+01 -15
  0.50620974657328600E-09  0.14787576366268400E+01  0.68258317455194453E+01 -15
  0.50620974657328600E-09  0.38454617884271798E+01  0.46082396967507115E+01 -15
  0.50620974657328600E-09  0.99999999999900009E+01  0.15594397073085333E+01 -15
  0.26265278044011498E-08  0.49999999999950003E-07  0.44759499352012803E+02   1
  0.26265278044011498E-08  0.13002339576061801E-06  0.44759499352012803E+02   1
  0.26265278044011498E-08  0.33812166890278299E-06  0.44759499352012803E+02   1
  0.26265278044011498E-08  0.87927455142062005E-06  0.44759499352012803E+02   1
  0.26265278044011498E-08  0.22865252596343399E-05  0.44759499352012803E+02   1
  0.26265278044011498E-08  0.59460355750076600E-05  0.44759499352012803E+02   1
  0.26265278044011498E-08  0.15462474735534099E-04  0.44759499352012803E+02   1
  0.26265278044011498E-08  0.40209669439578303E-04  0.44759499352012803E+02   1
  0.26265278044011498E-08  0.10456395525902300E-03  0.44759499352012803E+02   1
  0.26265278044011498E-08  0.27191521073906098E-03  0.44759499352012803E+02   1
  0.26265278044011498E-08  0.70710678118584105E-03  0.44759499352012803E+02   1
  0.26265278044011498E-08  0.18388084971047000E-02  0.44759499352012803E+02   1
  0.26265278044011498E-08  0.47817624989453999E-02  0.33298513716122493E+02 -15
  0.26265278044011498E-08  0.12434819956685600E-01  0.20018660878544853E+02 -15
  0.26265278044011498E-08  0.32336350328835500E-01  0.12215597054576941E+02 -15
  0.26265278044011498E-08  0.84089641525287404E-01  0.77861048981100742E+01 -15
  0.26265278044011498E-08  0.21867241478843699E+00  0.50962976826490598E+01 -15
  0.26265278044011498E-08  0.56865059859990696E+00  0.69020647607135732E+01 -15
  0.26265278044011498E-08  0.14787576366268400E+01  0.68258323383884587E+01 -15
  0.26265278044011498E-08  0.38454617884271798E+01  0.46082398438495611E+01 -15
  0.26265278044011498E-08  0.99999999999900009E+01  0.15594396871243901E+01 -15
  0.13628043225148700E-07  0.49999999999950003E-07  0.44759499352012803E+02   1
  0.13628043225148700E-07  0.13002339576061801E-06  0.44759499352012803E+02   1
  0.13628043225148700E-07  0.33812166890278299E-06  0.44759499352012803E+02   1
  0.13628043225148700E-07  0.87927455142062005E-06  0.44759499352012803E+02   1
  0.13628043225148700E-07  0.22865252596343399E-05  0.44759499352012803E+02   1
  0.13628043225148700E-07  0.59460355750076600E-05  0.44759499352012803E+02   1
  0.13628043225148700E-07  0.15462474735534099E-04  0.44759499352012803E+02   1
  0.13628043225148700E-07  0.40209669439578303E-04  0.44759499352012803E+02   1
  0.13628043225148700E-07  0.10456395525902300E-03  0.44759499352012803E+02   1
  0.13628043225148700E-07  0.27191521073906098E-03  0.44759499352012803E+02   1
  0.13628043225148700E-07  0.70710678118584105E-03  0.44759499352012803E+02   1
  0.13628043225148700E-07  0.18388084971047000E-02  0.44759499352012803E+02   1
  0.13628043225148700E-07  0.47817624989453999E-02  0.33298516381512776E+02 -15
  0.13628043225148700E-07  0.12434819956685600E-01  0.20018662208908285E+02 -15
  0.13628043225148700E-07  0.32336350328835500E-01  0.12215597873411649E+02 -15
  0.13628043225148700E-07  0.84089641525287404E-01  0.77861053420384412E+01 -15
  0.13628043225148700E-07  0.21867241478843699E+00  0.50962978403503936E+01 -15
  0.13628043225148700E-07  0.56865059859990696E+00  0.69020646527307346E+01 -15
  0.13628043225148700E-07  0.14787576366268400E+01  0.68258301994531028E+01 -15
  0.13628043225148700E-07  0.38454617884271798E+01  0.46082396699061849E+01 -15
  0.13628043225148700E-07  0.99999999999900009E+01  0.15594397581494790E+01 -15
  0.70710678118584203E-07  0.49999999999950003E-07  0.44759499352012803E+02   1
  0.70710678118584203E-07  0.13002339576061801E-06  0.44759499352012803E+02   1
  0.70710678118584203E-07  0.33812166890278299E-06  0.44759499352012803E+02   1
  0.70710678118584203E-07  0.87927455142062005E-06  0.44759499352012803E+02   1
  0.70710678118584203E-07  0.22865252596343399E-05  0.44759499352012803E+02   1
  0.70710678118584203E-07  0.59460355750076600E-05  0.44759499352012803E+02   1
  0.70710678118584203E-07  0.15462474735534099E-04  0.44759499352012803E+02   1
  0.70710678118584203E-07  0.40209669439578303E-04  0.44759499352012803E+02   1
  0.70710678118584203E-07  0.10456395525902300E-03  0.44759499352012803E+02   1
  0.70710678118584203E-07  0.27191521073906098E-03  0.44759499352012803E+02   1
  0.70710678118584203E-07  0.70710678118584105E-03  0.44759499352012803E+02   1
  0.70710678118584203E-07  0.18388084971047000E-02  0.44759499352012803E+02   1
  0.70710678118584203E-07  0.47817624989453999E-02  0.33298530212023373E+02 -15
  0.70710678118584203E-07  0.12434819956685600E-01  0.20018669134172171E+02 -15
  0.70710678118584203E-07  0.32336350328835500E-01  0.12215602105103223E+02 -15
  0.70710678118584203E-07  0.84089641525287404E-01  0.77861076562953491E+01 -15
  0.70710678118584203E-07  0.21867241478843699E+00  0.50962988169704673E+01 -15
  0.70710678118584203E-07  0.56865059859990696E+00  0.69020647705918421E+01 -15
  0.70710678118584203E-07  0.14787576366268400E+01  0.68258304794787845E+01 -15
  0.70710678118584203E-07  0.38454617884271798E+01  0.46082392434514343E+01 -15
  0.70710678118584203E-07  0.99999999999900009E+01  0.15594397878589954E+01 -15
  0.36689052987175798E-06  0.49999999999950003E-07  0.44759499352012803E+02   1
  0.36689052987175798E-06  0.13002339576061801E-06  0.44759499352012803E+02   1
  0.36689052987175798E-06  0.33812166890278299E-06  0.44759499352012803E+02   1
  0.36689052987175798E-06  0.87927455142062005E-06  0.44759499352012803E+02   1
  0.36689052987175798E-06  0.22865252596343399E-05  0.44759499352012803E+02   1
  0.36689052987175798E-06  0.59460355750076600E-05  0.44759499352012803E+02   1
  0.36689052987175798E-06  0.15462474735534099E-04  0.44759499352012803E+02   1
  0.36689052987175798E-06  0.40209669439578303E-04  0.44759499352012803E+02   1
  0.36689052987175798E-06  0.10456395525902300E-03  0.44759499352012803E+02   1
  0.36689052987175798E-06  0.27191521073906098E-03  0.44759499352012803E+02   1
  0.36689052987175798E-06  0.70710678118584105E-03  0.44759499352012803E+02   1
  0.36689052987175798E-06  0.18388084971047000E-02  0.44759499352012803E+02   1
  0.36689052987175798E-06  0.47817624989453999E-02  0.33298601983195390E+02 -15
  0.36689052987175798E-06  0.12434819956685600E-01  0.20018705042328101E+02 -15
  0.36689052987175798E-06  0.32336350328835500E-01  0.12215624070997176E+02 -15
  0.36689052987175798E-06  0.84089641525287404E-01  0.77861198196520487E+01 -15
  0.36689052987175798E-06  0.21867241478843699E+00  0.50963036573856577E+01 -15
  0.36689052987175798E-06  0.56865059859990696E+00  0.69020648161714533E+01 -15
  0.36689052987175798E-06  0.14787576366268400E+01  0.68258272995448159E+01 -15
  0.36689052987175798E-06  0.38454617884271798E+01  0.46082374872572220E+01 -15
  0.36689052987175798E-06  0.99999999999900009E+01  0.15594398640491700E+01 -15
  0.19036539387139800E-05  0.49999999999950003E-07  0.44759499352012803E+02   1
  0.19036539387139800E-05  0.13002339576061801E-06  0.44759499352012803E+02   1
  0.19036539387139800E-05  0.33812166890278299E-06  0.44759499352012803E+02   1
  0.19036539387139800E-05  0.87927455142062005E-06  0.44759499352012803E+02   1
  0.19036539387139800E-05  0.22865252596343399E-05  0.44759499352012803E+02   1
  0.19036539387139800E-05  0.59460355750076600E-05  0.44759499352012803E+02   1
  0.19036539387139800E-05  0.15462474735534099E-04  0.44759499352012803E+02   1
  0.19036539387139800E-05  0.40209669439578303E-04  0.44759499352012803E+02   1
  0.19036539387139800E-05  0.10456395525902300E-03  0.44759499352012803E+02   1
  0.19036539387139800E-05  0.27191521073906098E-03  0.44759499352012803E+02   1
  0.19036539387139800E-05  0.70710678118584105E-03  0.44759499352012803E+02   1
  0.19036539387139800E-05  0.18388084971047000E-02  0.44759499352012803E+02   1
  0.19036539387139800E-05  0.47817624989453999E-02  0.33298974531620878E+02 -15
  0.19036539387139800E-05  0.12434819956685600E-01  0.20018891420016104E+02 -15
  0.19036539387139800E-05  0.32336350328835500E-01  0.12215738113082208E+02 -15
  0.19036539387139800E-05  0.84089641525287404E-01  0.77861876134305827E+01 -15
  0.19036539387139800E-05  0.21867241478843699E+00  0.50963286093010982E+01 -15
  0.19036539387139800E-05  0.56865059859990696E+00  0.69020652607045472E+01 -15
  0.19036539387139800E-05  0.14787576366268400E+01  0.68258129042464466E+01 -15
  0.19036539387139800E-05  0.38454617884271798E+01  0.46082259455701982E+01 -15
  0.19036539387139800E-05  0.99999999999900009E+01  0.15594401089600625E+01 -15
  0.98773285853083802E-05  0.49999999999950003E-07  0.44759499352012803E+02   1
  0.98773285853083802E-05  0.13002339576061801E-06  0.44759499352012803E+02   1
  0.98773285853083802E-05  0.33812166890278299E-06  0.44759499352012803E+02   1
  0.98773285853083802E-05  0.87927455142062005E-06  0.44759499352012803E+02   1
  0.98773285853083802E-05  0.22865252596343399E-05  0.44759499352012803E+02   1
  0.98773285853083802E-05  0.59460355750076600E-05  0.44759499352012803E+02   1
  0.98773285853083802E-05  0.15462474735534099E-04  0.44759499352012803E+02   1
  0.98773285853083802E-05  0.40209669439578303E-04  0.44759499352012803E+02   1
  0.98773285853083802E-05  0.10456395525902300E-03  0.44759499352012803E+02   1
  0.98773285853083802E-05  0.27191521073906098E-03  0.44759499352012803E+02   1
  0.98773285853083802E-05  0.70710678118584105E-03  0.44759499352012803E+02   1
  0.98773285853083802E-05  0.18388084971047000E-02  0.44759499352012803E+02   1
  0.98773285853083802E-05  0.47817624989453999E-02  0.33302358778646173E+02 -15
  0.98773285853083802E-05  0.12434819956685600E-01  0.20021306602773070E+02 -15
  0.98773285853083802E-05  0.32336350328835500E-01  0.12216330987588700E+02 -15
  0.98773285853083802E-05  0.84089641525287404E-01  0.77857628843672329E+01 -15
  0.98773285853083802E-05  0.21867241478843699E+00  0.50960088615416437E+01 -15
  0.98773285853083802E-05  0.56865059859990696E+00  0.69020680309136422E+01 -15
  0.98773285853083802E-05  0.14787576366268400E+01  0.68257344045821675E+01 -15
  0.98773285853083802E-05  0.38454617884271798E+01  0.46081696698880492E+01 -15
  0.98773285853083802E-05  0.99999999999900009E+01  0.15594421526153746E+01 -15
  0.51249661505209303E-04  0.49999999999950003E-07  0.44759499352012803E+02   1
  0.51249661505209303E-04  0.13002339576061801E-06  0.44759499352012803E+02   1
  0.51249661505209303E-04  0.33812166890278299E-06  0.44759499352012803E+02   1
  0.51249661505209303E-04  0.87927455142062005E-06  0.44759499352012803E+02   1
  0.51249661505209303E-04  0.22865252596343399E-05  0.44759499352012803E+02   1
  0.51249661505209303E-04  0.59460355750076600E-05  0.44759499352012803E+02   1
  0.51249661505209303E-04  0.15462474735534099E-04  0.44759499352012803E+02   1
  0.51249661505209303E-04  0.40209669439578303E-04  0.44759499352012803E+02   1
  0.51249661505209303E-04  0.10456395525902300E-03  0.44759499352012803E+02   1
  0.51249661505209303E-04  0.27191521073906098E-03  0.44759499352012803E+02   1
  0.51249661505209303E-04  0.70710678118584105E-03  0.44759499352012803E+02   1
  0.51249661505209303E-04  0.18388084971047000E-02  0.44759499352012803E+02   1
  0.51249661505209303E-04  0.47817624989453999E-02  0.33314010598228009E+02 -15
  0.51249661505209303E-04  0.12434819956685600E-01  0.20027833108788965E+02 -15
  0.51249661505209303E-04  0.32336350328835500E-01  0.12219441768844387E+02 -15
  0.51249661505209303E-04  0.84089641525287404E-01  0.77859140839012806E+01 -15
  0.51249661505209303E-04  0.21867241478843699E+00  0.50963788526233635E+01 -15
  0.51249661505209303E-04  0.56865059859990696E+00  0.69021024120133099E+01 -15
  0.51249661505209303E-04  0.14787576366268400E+01  0.68248641462479549E+01 -15
  0.51249661505209303E-04  0.38454617884271798E+01  0.46078844480607328E+01 -15
  0.51249661505209303E-04  0.99999999999900009E+01  0.15594518499123875E+01 -15
  0.26591479484698501E-03  0.49999999999950003E-07  0.44759499352012803E+02   1
  0.26591479484698501E-03  0.13002339576061801E-06  0.44759499352012803E+02   1
  0.26591479484698501E-03  0.33812166890278299E-06  0.44759499352012803E+02   1
  0.26591479484698501E-03  0.87927455142062005E-06  0.44759499352012803E+02   1
  0.26591479484698501E-03  0.22865252596343399E-05  0.44759499352012803E+02   1
  0.26591479484698501E-03  0.59460355750076600E-05  0.44759499352012803E+02   1
  0.26591479484698501E-03  0.15462474735534099E-04  0.44759499352012803E+02   1
  0.26591479484698501E-03  0.40209669439578303E-04  0.44759499352012803E+02   1
  0.26591479484698501E-03  0.10456395525902300E-03  0.44759499352012803E+02   1
  0.26591479484698501E-03  0.27191521073906098E-03  0.44759499352012803E+02   1
  0.26591479484698501E-03  0.70710678118584105E-03  0.44759499352012803E+02   1
  0.26591479484698501E-03  0.18388084971047000E-02  0.44759499352012803E+02   1
  0.26591479484698501E-03  0.47817624989453999E-02  0.33386964106667278E+02 -15
  0.26591479484698501E-03  0.12434819956685600E-01  0.20063070760765424E+02 -15
  0.26591479484698501E-03  0.32336350328835500E-01  0.12239835732251235E+02 -15
  0.26591479484698501E-03  0.84089641525287404E-01  0.77872301533660044E+01 -15
  0.26591479484698501E-03  0.21867241478843699E+00  0.50968948658163669E+01 -15
  0.26591479484698501E-03  0.56865059859990696E+00  0.69002379427687535E+01 -15
  0.26591479484698501E-03  0.14787576366268400E+01  0.68263642217292846E+01 -15
  0.26591479484698501E-03  0.38454617884271798E+01  0.46072286486031100E+01 -15
  0.26591479484698501E-03  0.99999999999900009E+01  0.15595029018407083E+01 -15
  0.13797296614598399E-02  0.49999999999950003E-07  0.44759499352012803E+02   1
  0.13797296614598399E-02  0.13002339576061801E-06  0.44759499352012803E+02   1
  0.13797296614598399E-02  0.33812166890278299E-06  0.44759499352012803E+02   1
  0.13797296614598399E-02  0.87927455142062005E-06  0.44759499352012803E+02   1
  0.13797296614598399E-02  0.22865252596343399E-05  0.44759499352012803E+02   1
  0.13797296614598399E-02  0.59460355750076600E-05  0.44759499352012803E+02   1
  0.13797296614598399E-02  0.15462474735534099E-04  0.44759499352012803E+02   1
  0.13797296614598399E-02  0.40209669439578303E-04  0.44759499352012803E+02   1
  0.13797296614598399E-02  0.10456395525902300E-03  0.44759499352012803E+02   1
  0.13797296614598399E-02  0.27191521073906098E-03  0.44759499352012803E+02   1
  0.13797296614598399E-02  0.70710678118584105E-03  0.44759499352012803E+02   1
  0.13797296614598399E-02  0.18388084971047000E-02  0.44759499352012803E+02   1
  0.13797296614598399E-02  0.47817624989453999E-02  0.33773427694083722E+02 -15
  0.13797296614598399E-02  0.12434819956685600E-01  0.20363648696445701E+02 -15
  0.13797296614598399E-02  0.32336350328835500E-01  0.12330080722449756E+02 -15
  0.13797296614598399E-02  0.84089641525287404E-01  0.77921446506366552E+01 -15
  0.13797296614598399E-02  0.21867241478843699E+00  0.51019038530736731E+01 -15
  0.13797296614598399E-02  0.56865059859990696E+00  0.68994929849494655E+01 -15
  0.13797296614598399E-02  0.14787576366268400E+01  0.68229993898588335E+01 -15
  0.13797296614598399E-02  0.38454617884271798E+01  0.46066228042183139E+01 -15
  0.13797296614598399E-02  0.99999999999900009E+01  0.15597625525470671E+01 -15
  0.71588868900939002E-02  0.49999999999950003E-07  0.44759499352012803E+02   1
  0.71588868900939002E-02  0.13002339576061801E-06  0.44759499352012803E+02   1
  0.71588868900939002E-02  0.33812166890278299E-06  0.44759499352012803E+02   1
  0.71588868900939002E-02  0.87927455142062005E-06  0.44759499352012803E+02   1
  0.71588868900939002E-02  0.22865252596343399E-05  0.44759499352012803E+02   1
  0.71588868900939002E-02  0.59460355750076600E-05  0.44759499352012803E+02   1
  0.71588868900939002E-02  0.15462474735534099E-04  0.44759499352012803E+02   1
  0.71588868900939002E-02  0.40209669439578303E-04  0.44759499352012803E+02   1
  0.71588868900939002E-02  0.10456395525902300E-03  0.44759499352012803E+02   1
  0.71588868900939002E-02  0.27191521073906098E-03  0.44759499352012803E+02   1
  0.71588868900939002E-02  0.70710678118584105E-03  0.44759499352012803E+02   1
  0.71588868900939002E-02  0.18388084971047000E-02  0.44759499352012803E+02   1
  0.71588868900939002E-02  0.47817624989453999E-02  0.44759499352012803E+02   1
  0.71588868900939002E-02  0.12434819956685600E-01  0.44759499352012803E+02   1
  0.71588868900939002E-02  0.32336350328835500E-01  0.26247357518298088E+02 -15
  0.71588868900939002E-02  0.84089641525287404E-01  0.78664488541930133E+01 -15
  0.71588868900939002E-02  0.21867241478843699E+00  0.51396151547656164E+01 -15
  0.71588868900939002E-02  0.56865059859990696E+00  0.68907573505496158E+01 -15
  0.71588868900939002E-02  0.14787576366268400E+01  0.47050188513962805E+01 -15
  0.71588868900939002E-02  0.38454617884271798E+01  0.32894246069834723E+01 -15
  0.71588868900939002E-02  0.99999999999900009E+01  0.15559656735880487E+01 -15
  0.37144712429341399E-01  0.49999999999950003E-07  0.44759499352012803E+02   1
  0.37144712429341399E-01  0.13002339576061801E-06  0.44759499352012803E+02   1
  0.37144712429341399E-01  0.33812166890278299E-06  0.44759499352012803E+02   1
  0.37144712429341399E-01  0.87927455142062005E-06  0.44759499352012803E+02   1
  0.37144712429341399E-01  0.22865252596343399E-05  0.44759499352012803E+02   1
  0.37144712429341399E-01  0.59460355750076600E-05  0.44759499352012803E+02   1
  0.37144712429341399E-01  0.15462474735534099E-04  0.44759499352012803E+02   1
  0.37144712429341399E-01  0.40209669439578303E-04  0.44759499352012803E+02   1
  0.37144712429341399E-01  0.10456395525902300E-03  0.44759499352012803E+02   1
  0.37144712429341399E-01  0.27191521073906098E-03  0.44759499352012803E+02   1
  0.37144712429341399E-01  0.70710678118584105E-03  0.44759499352012803E+02   1
  0.37144712429341399E-01  0.18388084971047000E-02  0.44759499352012803E+02   1
  0.37144712429341399E-01  0.47817624989453999E-02  0.44759499352012803E+02   1
  0.37144712429341399E-01  0.12434819956685600E-01  0.44759499352012803E+02   1
  0.37144712429341399E-01  0.32336350328835500E-01  0.44759499352012803E+02   1
  0.37144712429341399E-01  0.84089641525287404E-01  0.44759499352012803E+02   1
  0.37144712429341399E-01  0.21867241478843699E+00  0.15834655880426116E+02 -15
  0.37144712429341399E-01  0.56865059859990696E+00  0.68532227057765347E+01 -15
  0.37144712429341399E-01  0.14787576366268400E+01  0.46469954396269246E+01 -15
  0.37144712429341399E-01  0.38454617884271798E+01  0.32521861090240121E+01 -15
  0.37144712429341399E-01  0.99999999999900009E+01  0.15432071225449890E+01 -15
  0.19272963557612099E+00  0.49999999999950003E-07  0.44759499352012803E+02   1
  0.19272963557612099E+00  0.13002339576061801E-06  0.44759499352012803E+02   1
  0.19272963557612099E+00  0.33812166890278299E-06  0.44759499352012803E+02   1
  0.19272963557612099E+00  0.87927455142062005E-06  0.44759499352012803E+02   1
  0.19272963557612099E+00  0.22865252596343399E-05  0.44759499352012803E+02   1
  0.19272963557612099E+00  0.59460355750076600E-05  0.44759499352012803E+02   1
  0.19272963557612099E+00  0.15462474735534099E-04  0.44759499352012803E+02   1
  0.19272963557612099E+00  0.40209669439578303E-04  0.44759499352012803E+02   1
  0.19272963557612099E+00  0.10456395525902300E-03  0.44759499352012803E+02   1
  0.19272963557612099E+00  0.27191521073906098E-03  0.44759499352012803E+02   1
  0.19272963557612099E+00  0.70710678118584105E-03  0.44759499352012803E+02   1
  0.19272963557612099E+00  0.18388084971047000E-02  0.44759499352012803E+02   1
  0.19272963557612099E+00  0.47817624989453999E-02  0.44759499352012803E+02   1
  0.19272963557612099E+00  0.12434819956685600E-01  0.44759499352012803E+02   1
  0.19272963557612099E+00  0.32336350328835500E-01  0.44759499352012803E+02   1
  0.19272963557612099E+00  0.84089641525287404E-01  0.44759499352012803E+02   1
  0.19272963557612099E+00  0.21867241478843699E+00  0.44759499352012803E+02   1
  0.19272963557612099E+00  0.56865059859990696E+00  0.10258363285674083E+02 -15
  0.19272963557612099E+00  0.14787576366268400E+01  0.45476789299733644E+01 -15
  0.19272963557612099E+00  0.38454617884271798E+01  0.18701056226522099E+01 -15
  0.19272963557612099E+00  0.99999999999900009E+01  0.15252407528677909E+01 -15
  0.99999999999900602E+00  0.49999999999950003E-07  0.44759499352012803E+02   1
  0.99999999999900602E+00  0.13002339576061801E-06  0.44759499352012803E+02   1
  0.99999999999900602E+00  0.33812166890278299E-06  0.44759499352012803E+02   1
  0.99999999999900602E+00  0.87927455142062005E-06  0.44759499352012803E+02   1
  0.99999999999900602E+00  0.22865252596343399E-05  0.44759499352012803E+02   1
  0.99999999999900602E+00  0.59460355750076600E-05  0.44759499352012803E+02   1
  0.99999999999900602E+00  0.15462474735534099E-04  0.44759499352012803E+02   1
  0.99999999999900602E+00  0.40209669439578303E-04  0.44759499352012803E+02   1
  0.99999999999900602E+00  0.10456395525902300E-03  0.44759499352012803E+02   1
  0.99999999999900602E+00  0.27191521073906098E-03  0.44759499352012803E+02   1
  0.99999999999900602E+00  0.70710678118584105E-03  0.44759499352012803E+02   1
  0.99999999999900602E+00  0.18388084971047000E-02  0.44759499352012803E+02   1
  0.99999999999900602E+00  0.47817624989453999E-02  0.44759499352012803E+02   1
  0.99999999999900602E+00  0.12434819956685600E-01  0.44759499352012803E+02   1
  0.99999999999900602E+00  0.32336350328835500E-01  0.44759499352012803E+02   1
  0.99999999999900602E+00  0.84089641525287404E-01  0.44759499352012803E+02   1
  0.99999999999900602E+00  0.21867241478843699E+00  0.44759499352012803E+02   1
  0.99999999999900602E+00  0.56865059859990696E+00  0.44759499352012803E+02   1
  0.99999999999900602E+00  0.14787576366268400E+01  0.44759499352012803E+02   1
  0.99999999999900602E+00  0.38454617884271798E+01  0.44759499352012803E+02   1
  0.99999999999900602E+00  0.99999999999900009E+01  0.10738094461142060E+01 -15
